Epoch    |                 Staked |                Rewards |            Accumulated |        Unstake Rewards |          Unstake Total |      Available Rewards
----------------------------------------------------------------------------------------------------------------------------------------------
0        |                   1.50 |                   0.00 |                   0.00 |                   0.00 |                   0.00 |                   0.00
1        |                   1.50 |                   0.00 |                   0.00 |                   0.00 |                   0.00 |                   0.00
2        |           5,633,131.22 |               6,589.23 |               6,589.24 |                   0.00 |                   0.00 |               6,589.24
3        |          22,532,520.37 |              17,468.70 |              24,057.93 |                   0.00 |                   0.00 |              24,057.93
4        |          36,615,344.66 |              25,648.32 |              49,706.25 |                   0.00 |                   0.00 |              49,706.25
5        |          47,881,604.10 |              27,279.18 |              76,985.43 |                   0.00 |                   0.00 |              76,985.43
6        |          50,698,168.96 |              26,014.70 |             103,000.13 |                   0.00 |                   0.00 |             103,000.13
7        |          63,780,993.25 |              31,468.69 |             134,468.82 |                   0.00 |                   0.00 |             134,468.82
8        |          63,780,993.25 |              30,916.33 |             165,385.15 |                   0.00 |                   0.00 |             165,385.15
9        |          63,780,993.25 |              29,378.22 |             194,763.37 |                   0.00 |                   0.00 |             194,763.37
10       |          72,230,687.82 |              31,055.23 |             225,818.60 |                   0.00 |                   0.00 |             225,818.60
11       |          72,230,687.82 |              32,005.52 |             257,824.12 |                   0.00 |                   0.00 |             257,824.12
12       |          72,230,687.82 |              31,596.81 |             289,420.93 |                   0.00 |                   0.00 |             289,420.93
13       |          72,230,687.82 |              31,258.19 |             320,679.12 |                   0.00 |                   0.00 |             320,679.12
14       |          78,561,985.00 |              33,462.15 |             354,141.27 |                   0.00 |                   0.00 |             354,141.27
15       |          78,561,985.00 |              34,238.43 |             388,379.69 |                   0.00 |                   0.00 |             388,379.69
16       |          84,195,114.72 |              36,632.49 |             425,012.19 |                   0.00 |                   0.00 |             425,012.19
17       |          84,195,114.72 |              33,554.37 |             458,566.56 |                   0.00 |                   0.00 |             458,566.56
18       |          84,195,114.72 |              33,210.41 |             491,776.97 |                   0.00 |                   0.00 |             491,776.97
19       |          84,195,114.72 |              32,953.72 |             524,730.69 |                   0.00 |                   0.00 |             524,730.69
20       |          84,195,114.72 |              32,625.31 |             557,356.00 |                   0.00 |                   0.00 |             557,356.00
21       |          87,011,679.57 |              33,433.52 |             590,789.51 |                   0.00 |                   0.00 |             590,789.51
22       |          92,644,809.29 |              35,341.61 |             626,131.12 |                   0.00 |                   0.00 |             626,131.12
23       |          92,644,809.29 |              35,182.59 |             661,313.71 |                   0.00 |                   0.00 |             661,313.71
24       |          98,277,939.01 |              37,125.35 |             698,439.06 |                   0.00 |                   0.00 |             698,439.06
25       |          98,277,939.01 |              37,101.88 |             735,540.94 |                   0.00 |                   0.00 |             735,540.94
26       |          98,277,939.01 |              37,000.73 |             772,541.66 |                   0.00 |                   0.00 |             772,541.66
27       |          98,277,939.01 |              37,014.67 |             809,556.34 |                   0.00 |                   0.00 |             809,556.34
28       |          98,277,939.01 |              36,976.63 |             846,532.97 |                   0.00 |                   0.00 |             846,532.97
29       |          98,277,939.01 |              34,672.25 |             881,205.22 |                   0.00 |                   0.00 |             881,205.22
30       |          98,277,939.01 |              34,532.65 |             915,737.87 |                   0.00 |                   0.00 |             915,737.87
31       |          98,277,939.01 |              34,529.74 |             950,267.61 |                   0.00 |                   0.00 |             950,267.61
32       |          98,277,939.01 |              34,482.89 |             984,750.51 |                   0.00 |                   0.00 |             984,750.51
33       |          98,277,939.01 |              34,461.10 |           1,019,211.60 |                   0.00 |                   0.00 |           1,019,211.60
34       |          98,277,939.01 |              34,391.45 |           1,053,603.05 |                   0.00 |                   0.00 |           1,053,603.05
35       |          98,277,939.01 |              34,380.75 |           1,087,983.80 |                   0.00 |                   0.00 |           1,087,983.80
36       |          98,277,939.01 |              34,647.55 |           1,122,631.35 |                   0.00 |                   0.00 |           1,122,631.35
37       |          98,277,939.01 |              34,185.83 |           1,156,817.18 |                   0.00 |                   0.00 |           1,156,817.18
38       |          98,277,939.01 |              34,276.10 |           1,191,093.28 |                   0.00 |                   0.00 |           1,191,093.28
39       |          98,277,939.01 |              34,914.12 |           1,226,007.40 |                   0.00 |                   0.00 |           1,226,007.40
40       |          98,277,939.01 |              34,940.69 |           1,260,948.10 |                   0.00 |                   0.00 |           1,260,948.10
41       |          98,277,939.01 |              34,912.65 |           1,295,860.75 |                   0.00 |                   0.00 |           1,295,860.75
42       |          98,277,939.01 |              34,760.45 |           1,330,621.19 |                   0.00 |                   0.00 |           1,330,621.19
43       |          98,277,939.01 |              35,083.34 |           1,365,704.53 |                   0.00 |                   0.00 |           1,365,704.53
44       |          98,277,939.01 |              35,079.03 |           1,400,783.56 |                   0.00 |                   0.00 |           1,400,783.56
45       |         103,911,068.73 |              36,742.82 |           1,437,526.38 |                   0.00 |                   0.00 |           1,437,526.38
46       |         103,911,068.73 |              36,801.63 |           1,474,328.01 |                   0.00 |                   0.00 |           1,474,328.01
47       |         103,911,068.73 |              36,538.90 |           1,510,866.91 |                   0.00 |                   0.00 |           1,510,866.91
48       |         103,911,068.73 |              36,531.17 |           1,547,398.08 |                   0.00 |                   0.00 |           1,547,398.08
49       |         103,911,068.73 |              36,577.22 |           1,583,975.30 |                   0.00 |                   0.00 |           1,583,975.30
50       |         103,911,068.73 |              36,587.20 |           1,620,562.50 |                   0.00 |                   0.00 |           1,620,562.50
51       |         103,911,068.73 |              36,504.42 |           1,657,066.92 |                   0.00 |                   0.00 |           1,657,066.92
52       |         103,911,068.73 |              36,525.00 |           1,693,591.92 |                   0.00 |                   0.00 |           1,693,591.92
53       |         103,911,068.73 |              36,475.21 |           1,730,067.13 |                   0.00 |                   0.00 |           1,730,067.13
54       |         103,911,068.73 |              36,445.12 |           1,766,512.25 |                   0.00 |                   0.00 |           1,766,512.25
55       |         103,911,068.73 |              36,441.87 |           1,802,954.12 |                   0.00 |                   0.00 |           1,802,954.12
56       |         103,911,068.73 |              36,399.91 |           1,839,354.02 |                   0.00 |                   0.00 |           1,839,354.02
57       |         103,911,068.73 |              36,409.40 |           1,875,763.43 |                   0.00 |                   0.00 |           1,875,763.43
58       |         103,911,068.73 |              36,384.34 |           1,912,147.76 |                   0.00 |                   0.00 |           1,912,147.76
59       |         103,911,068.73 |              36,394.66 |           1,948,542.42 |                   0.00 |                   0.00 |           1,948,542.42
60       |         103,911,068.73 |              36,411.54 |           1,984,953.96 |                   0.00 |                   0.00 |           1,984,953.96
61       |         103,911,068.73 |              36,336.91 |           2,021,290.86 |                   0.00 |                   0.00 |           2,021,290.86
62       |         103,911,068.73 |              36,379.23 |           2,057,670.09 |                   0.00 |                   0.00 |           2,057,670.09
63       |         103,911,068.73 |              36,338.85 |           2,094,008.94 |                   0.00 |                   0.00 |           2,094,008.94
64       |         103,911,068.73 |              36,262.62 |           2,130,271.55 |                   0.00 |                   0.00 |           2,130,271.55
65       |         103,911,068.73 |              36,204.51 |           2,166,476.06 |                   0.00 |                   0.00 |           2,166,476.06
66       |         103,911,068.73 |              36,983.96 |           2,203,460.03 |                   0.00 |                   0.00 |           2,203,460.03
67       |         103,911,068.73 |              36,606.45 |           2,240,066.47 |                   0.00 |                   0.00 |           2,240,066.47
68       |         103,911,068.73 |              36,955.66 |           2,277,022.13 |                   0.00 |                   0.00 |           2,277,022.13
69       |         108,911,068.73 |              38,594.51 |           2,315,616.64 |                   0.00 |                   0.00 |           2,315,616.64
70       |         108,911,068.73 |              38,371.64 |           2,353,988.27 |                   0.00 |                   0.00 |           2,353,988.27
71       |         108,911,068.73 |              37,936.34 |           2,391,924.62 |                   0.00 |                   0.00 |           2,391,924.62
72       |         108,911,068.73 |              36,756.80 |           2,428,681.42 |                   0.00 |                   0.00 |           2,428,681.42
73       |         108,911,068.73 |              36,803.84 |           2,465,485.26 |                   0.00 |                   0.00 |           2,465,485.26
74       |         108,911,068.73 |              36,668.96 |           2,502,154.23 |                   0.00 |                   0.00 |           2,502,154.23
75       |         108,911,068.73 |              36,645.11 |           2,538,799.33 |                   0.00 |                   0.00 |           2,538,799.33
76       |         108,911,068.73 |              36,715.88 |           2,575,515.21 |                   0.00 |                   0.00 |           2,575,515.21
77       |         108,911,068.73 |              36,617.52 |           2,612,132.73 |                   0.00 |                   0.00 |           2,612,132.73
78       |         108,911,068.73 |              36,532.74 |           2,648,665.47 |                   0.00 |                   0.00 |           2,648,665.47
79       |         108,911,068.73 |              36,526.15 |           2,685,191.62 |                   0.00 |                   0.00 |           2,685,191.62
80       |         108,911,068.73 |              36,400.25 |           2,721,591.87 |                   0.00 |                   0.00 |           2,721,591.87
81       |         108,911,068.73 |              36,340.98 |           2,757,932.85 |                   0.00 |                   0.00 |           2,757,932.85
82       |         108,911,068.73 |              36,467.24 |           2,794,400.08 |                   0.00 |                   0.00 |           2,794,400.08
83       |         108,911,068.73 |              37,415.00 |           2,831,815.09 |                   0.00 |                   0.00 |           2,831,815.09
84       |         108,911,068.73 |              36,353.24 |           2,868,168.33 |                   0.00 |                   0.00 |           2,868,168.33
85       |         108,911,068.73 |              36,662.48 |           2,904,830.81 |                   0.00 |                   0.00 |           2,904,830.81
86       |         108,911,068.73 |              36,817.04 |           2,941,647.85 |                   0.00 |                   0.00 |           2,941,647.85
87       |         108,911,068.73 |              36,787.51 |           2,978,435.36 |                   0.00 |                   0.00 |           2,978,435.36
88       |         108,911,068.73 |              37,033.59 |           3,015,468.95 |                   0.00 |                   0.00 |           3,015,468.95
89       |         113,911,068.73 |              38,322.53 |           3,053,791.48 |                   0.00 |                   0.00 |           3,053,791.48
90       |         113,911,068.73 |              38,290.11 |           3,092,081.59 |                   0.00 |                   0.00 |           3,092,081.59
91       |         113,911,068.73 |              38,402.54 |           3,130,484.14 |                   0.00 |                   0.00 |           3,130,484.14
92       |         113,911,068.73 |              38,906.73 |           3,169,390.87 |                   0.00 |                   0.00 |           3,169,390.87
93       |         113,911,068.73 |              38,678.60 |           3,208,069.47 |                   0.00 |                   0.00 |           3,208,069.47
94       |         113,911,068.73 |              38,246.90 |           3,246,316.37 |                   0.00 |                   0.00 |           3,246,316.37
95       |         113,911,068.73 |              38,169.39 |           3,284,485.76 |                   0.00 |                   0.00 |           3,284,485.76
96       |         113,911,068.73 |              38,212.64 |           3,322,698.40 |                   0.00 |                   0.00 |           3,322,698.40
97       |         113,911,068.73 |              38,192.11 |           3,360,890.50 |                   0.00 |                   0.00 |           3,360,890.50
98       |         113,911,068.73 |              38,176.48 |           3,399,066.98 |                   0.00 |                   0.00 |           3,399,066.98
99       |         113,911,068.73 |              38,102.69 |           3,437,169.68 |                   0.00 |                   0.00 |           3,437,169.68
100      |         113,911,068.73 |              37,686.09 |           3,474,855.77 |                   0.00 |                   0.00 |           3,474,855.77
101      |         116,727,633.58 |              35,599.20 |           3,510,454.96 |                   0.00 |                   0.00 |           3,510,454.96
102      |         116,727,633.58 |              39,609.31 |           3,550,064.27 |                   0.00 |                   0.00 |           3,550,064.27
103      |         116,727,633.58 |              39,755.28 |           3,589,819.55 |                   0.00 |                   0.00 |           3,589,819.55
104      |         116,727,633.58 |              39,739.30 |           3,629,558.85 |                   0.00 |                   0.00 |           3,629,558.85
105      |         116,727,633.58 |              39,962.68 |           3,669,521.52 |                   0.00 |                   0.00 |           3,669,521.52
106      |         116,727,633.58 |              39,721.62 |           3,709,243.14 |                   0.00 |                   0.00 |           3,709,243.14
107      |         116,727,633.58 |              39,670.09 |           3,748,913.23 |                   0.00 |                   0.00 |           3,748,913.23
108      |         116,727,633.58 |              39,532.90 |           3,788,446.13 |                   0.00 |                   0.00 |           3,788,446.13
109      |         116,727,633.58 |              39,556.71 |           3,828,002.83 |                   0.00 |                   0.00 |           3,828,002.83
110      |         116,727,633.58 |              39,505.04 |           3,867,507.87 |                   0.00 |                   0.00 |           3,867,507.87
111      |         116,727,633.58 |              39,511.08 |           3,907,018.95 |                   0.00 |                   0.00 |           3,907,018.95
112      |         116,727,633.58 |              39,545.58 |           3,946,564.53 |                   0.00 |                   0.00 |           3,946,564.53
113      |         116,727,633.58 |              39,516.34 |           3,986,080.87 |                   0.00 |                   0.00 |           3,986,080.87
114      |         116,727,633.58 |              39,502.57 |           4,025,583.45 |                   0.00 |                   0.00 |           4,025,583.45
115      |         116,727,633.58 |              39,675.07 |           4,065,258.52 |                   0.00 |                   0.00 |           4,065,258.52
116      |         122,360,763.30 |              41,336.14 |           4,106,594.67 |                   0.00 |                   0.00 |           4,106,594.67
117      |         122,360,763.30 |              41,443.98 |           4,148,038.65 |                   0.00 |                   0.00 |           4,148,038.65
118      |         122,360,763.30 |              41,394.71 |           4,189,433.36 |                   0.00 |                   0.00 |           4,189,433.36
119      |         122,360,763.30 |              45,034.65 |           4,234,468.01 |                   0.00 |                   0.00 |           4,234,468.01
120      |         122,360,763.30 |              41,444.15 |           4,275,912.16 |                   0.00 |                   0.00 |           4,275,912.16
121      |         122,360,763.30 |              41,418.24 |           4,317,330.39 |                   0.00 |                   0.00 |           4,317,330.39
122      |         122,360,763.30 |              41,424.87 |           4,358,755.26 |                   0.00 |                   0.00 |           4,358,755.26
123      |         122,360,763.30 |              41,356.78 |           4,400,112.04 |                   0.00 |                   0.00 |           4,400,112.04
124      |         122,360,763.30 |              41,524.76 |           4,441,636.81 |                   0.00 |                   0.00 |           4,441,636.81
125      |         122,360,763.30 |              41,367.60 |           4,483,004.41 |                   0.00 |                   0.00 |           4,483,004.41
126      |         122,360,763.30 |              41,432.07 |           4,524,436.47 |                   0.00 |                   0.00 |           4,524,436.47
127      |         122,360,763.30 |              41,254.53 |           4,565,691.01 |                   0.00 |                   0.00 |           4,565,691.01
128      |         122,360,763.30 |              42,610.68 |           4,608,301.69 |                   0.00 |                   0.00 |           4,608,301.69
129      |         122,360,763.30 |              41,825.93 |           4,650,127.62 |                   0.00 |                   0.00 |           4,650,127.62
130      |         122,360,763.30 |              41,890.77 |           4,692,018.39 |                   0.00 |                   0.00 |           4,692,018.39
131      |         122,360,763.30 |              42,591.17 |           4,734,609.56 |                   0.00 |                   0.00 |           4,734,609.56
132      |         122,360,763.30 |              41,852.14 |           4,776,461.70 |                   0.00 |                   0.00 |           4,776,461.70
133      |         122,360,763.30 |              41,874.19 |           4,818,335.89 |                   0.00 |                   0.00 |           4,818,335.89
134      |         122,360,763.30 |              41,574.98 |           4,859,910.87 |                   0.00 |                   0.00 |           4,859,910.87
135      |         122,360,763.30 |              41,887.63 |           4,901,798.50 |                   0.00 |                   0.00 |           4,901,798.50
136      |         122,360,763.30 |              41,417.66 |           4,943,216.16 |                   0.00 |                   0.00 |           4,943,216.16
137      |         140,361,763.30 |              46,318.73 |           4,989,534.89 |                   0.00 |                   0.00 |           4,989,534.89
138      |         140,361,763.30 |              46,355.21 |           5,035,890.10 |                   0.00 |                   0.00 |           5,035,890.10
139      |         140,361,763.30 |              46,291.02 |           5,082,181.12 |                   0.00 |                   0.00 |           5,082,181.12
140      |         140,361,763.30 |              46,329.82 |           5,128,510.94 |                   0.00 |                   0.00 |           5,128,510.94
141      |         140,361,763.30 |              46,416.20 |           5,174,927.14 |                   0.00 |                   0.00 |           5,174,927.14
142      |         140,361,763.30 |              46,430.09 |           5,221,357.23 |                   0.00 |                   0.00 |           5,221,357.23
143      |         140,361,763.30 |              46,328.92 |           5,267,686.15 |                   0.00 |                   0.00 |           5,267,686.15
144      |         140,361,763.30 |              46,336.44 |           5,314,022.59 |                   0.00 |                   0.00 |           5,314,022.59
145      |         140,361,763.30 |              46,337.68 |           5,360,360.28 |                   0.00 |                   0.00 |           5,360,360.28
146      |         140,361,763.30 |              46,565.74 |           5,406,926.02 |                   0.00 |                   0.00 |           5,406,926.02
147      |         140,361,763.30 |              46,521.11 |           5,453,447.13 |                   0.00 |                   0.00 |           5,453,447.13
148      |         140,361,763.30 |              46,571.27 |           5,500,018.39 |                   0.00 |                   0.00 |           5,500,018.39
149      |         140,361,763.30 |              46,939.79 |           5,546,958.19 |                   0.00 |                   0.00 |           5,546,958.19
150      |         140,361,763.30 |              47,001.62 |           5,593,959.80 |                   0.00 |                   0.00 |           5,593,959.80
151      |         140,361,763.30 |              47,780.38 |           5,641,740.19 |                   0.00 |                   0.00 |           5,641,740.19
152      |         140,361,763.30 |              46,989.84 |           5,688,730.03 |                   0.00 |                   0.00 |           5,688,730.03
153      |         140,361,763.30 |              47,016.30 |           5,735,746.32 |                   0.00 |                   0.00 |           5,735,746.32
154      |         140,361,763.30 |              48,700.15 |           5,784,446.47 |                   0.00 |                   0.00 |           5,784,446.47
155      |         140,361,763.30 |              47,436.64 |           5,831,883.12 |                   0.00 |                   0.00 |           5,831,883.12
156      |         140,361,763.30 |              46,954.26 |           5,878,837.38 |                   0.00 |                   0.00 |           5,878,837.38
157      |         140,361,763.30 |              46,985.31 |           5,925,822.69 |                   0.00 |                   0.00 |           5,925,822.69
158      |         140,361,763.30 |              45,582.08 |           5,971,404.76 |                   0.00 |                   0.00 |           5,971,404.76
159      |         140,361,763.30 |              45,385.47 |           6,016,790.23 |                   0.00 |                   0.00 |           6,016,790.23
160      |         140,361,763.30 |              45,403.91 |           6,062,194.14 |                   0.00 |                   0.00 |           6,062,194.14
161      |         140,361,763.30 |              46,201.98 |           6,108,396.12 |                   0.00 |                   0.00 |           6,108,396.12
162      |         140,361,763.30 |              45,326.58 |           6,153,722.70 |                   0.00 |                   0.00 |           6,153,722.70
163      |         140,361,763.30 |              45,230.56 |           6,198,953.26 |                   0.00 |                   0.00 |           6,198,953.26
164      |         140,361,763.30 |              46,494.40 |           6,245,447.66 |                   0.00 |                   0.00 |           6,245,447.66
165      |         140,361,763.30 |              44,528.56 |           6,289,976.21 |                   0.00 |                   0.00 |           6,289,976.21
166      |         140,361,763.30 |              44,286.97 |           6,334,263.18 |                   0.00 |                   0.00 |           6,334,263.18
167      |         140,361,763.30 |              44,360.99 |           6,378,624.17 |                   0.00 |                   0.00 |           6,378,624.17
168      |         140,361,763.30 |              44,268.06 |           6,422,892.23 |                   0.00 |                   0.00 |           6,422,892.23
169      |         140,361,763.30 |              44,299.28 |           6,467,191.51 |                   0.00 |                   0.00 |           6,467,191.51
170      |         140,361,763.30 |              44,284.31 |           6,511,475.83 |                   0.00 |                   0.00 |           6,511,475.83
171      |         140,361,763.30 |              44,407.11 |           6,555,882.94 |                   0.00 |                   0.00 |           6,555,882.94
172      |         140,361,763.30 |              44,367.08 |           6,600,250.02 |                   0.00 |                   0.00 |           6,600,250.02
173      |         140,361,763.30 |              44,450.15 |           6,644,700.17 |                   0.00 |                   0.00 |           6,644,700.17
174      |         140,361,763.30 |              44,413.81 |           6,689,113.98 |                   0.00 |                   0.00 |           6,689,113.98
175      |         140,361,763.30 |              44,355.62 |           6,733,469.59 |                   0.00 |                   0.00 |           6,733,469.59
176      |         140,361,763.30 |              44,324.05 |           6,777,793.64 |                   0.00 |                   0.00 |           6,777,793.64
177      |         140,361,763.30 |              49,236.54 |           6,827,030.18 |                   0.00 |                   0.00 |           6,827,030.18
178      |         140,361,763.30 |              49,194.32 |           6,876,224.50 |                   0.00 |                   0.00 |           6,876,224.50
179      |         140,361,764.80 |              45,764.91 |           6,921,989.41 |                   0.00 |                   0.00 |           6,921,989.41
180      |         190,361,763.30 |              65,905.15 |           6,987,894.56 |                   0.00 |                   0.00 |           6,987,894.56
181      |         190,361,763.30 |              59,256.41 |           7,047,150.96 |                   0.00 |                   0.00 |           7,047,150.96
182      |         190,361,763.30 |              59,154.87 |           7,106,305.83 |                   0.00 |                   0.00 |           7,106,305.83
183      |         190,361,763.30 |              60,440.61 |           7,166,746.44 |                   0.00 |                   0.00 |           7,166,746.44
184      |         190,361,763.30 |              60,438.68 |           7,227,185.12 |                   0.00 |                   0.00 |           7,227,185.12
185      |         190,361,763.30 |              60,978.31 |           7,288,163.43 |                   0.00 |                   0.00 |           7,288,163.43
186      |         190,361,763.30 |              60,620.08 |           7,348,783.51 |                   0.00 |                   0.00 |           7,348,783.51
187      |         190,361,763.30 |              60,078.52 |           7,408,862.04 |                   0.00 |                   0.00 |           7,408,862.04
188      |         190,361,763.30 |              59,385.27 |           7,468,247.31 |                   0.00 |                   0.00 |           7,468,247.31
189      |         190,361,763.30 |              60,065.03 |           7,528,312.34 |                   0.00 |                   0.00 |           7,528,312.34
190      |         190,361,763.30 |              60,640.38 |           7,588,952.71 |                   0.00 |                   0.00 |           7,588,952.71
191      |         190,361,763.30 |              60,328.19 |           7,649,280.90 |                   0.00 |                   0.00 |           7,649,280.90
192      |         190,361,763.30 |              59,780.87 |           7,709,061.77 |                   0.00 |                   0.00 |           7,709,061.77
193      |         190,361,763.30 |              59,435.02 |           7,768,496.79 |                   0.00 |                   0.00 |           7,768,496.79
194      |         190,361,763.30 |              59,372.31 |           7,827,869.10 |                   0.00 |                   0.00 |           7,827,869.10
195      |         190,361,763.30 |              59,339.66 |           7,887,208.76 |                   0.00 |                   0.00 |           7,887,208.76
196      |         190,361,763.30 |              59,281.13 |           7,946,489.90 |                   0.00 |                   0.00 |           7,946,489.90
197      |         190,361,763.30 |              59,258.75 |           8,005,748.65 |                   0.00 |                   0.00 |           8,005,748.65
198      |         190,361,763.30 |              59,685.43 |           8,065,434.08 |                   0.00 |                   0.00 |           8,065,434.08
199      |         190,361,763.30 |              64,175.34 |           8,129,609.42 |                   0.00 |                   0.00 |           8,129,609.42
  ▶ [Partial Unstake] ObjId: 0x2b51887b8cc8abf61dc58b171ecedf705aa8033d743ab16ac0bb4ac9b8347243 | TX: CB2JjDneqfXTKGtWue2a1Rmh92VtvVqadh7zmvJEk2Tr | Validator: IOTA 3 | Amount: 3,000,000.00 | Rewards: 57,594.23
200      |         184,361,763.30 |              59,838.01 |           8,189,447.43 |              57,594.23 |              57,594.23 |           8,131,853.19
201      |         187,361,763.30 |              59,237.99 |           8,248,685.41 |                   0.00 |              57,594.23 |           8,191,091.18
202      |         187,361,763.30 |              59,213.34 |           8,307,898.75 |                   0.00 |              57,594.23 |           8,250,304.52
203      |         187,361,763.30 |              59,195.71 |           8,367,094.46 |                   0.00 |              57,594.23 |           8,309,500.23
204      |         187,361,763.30 |              59,652.22 |           8,426,746.68 |                   0.00 |              57,594.23 |           8,369,152.45
205      |         187,361,763.30 |              59,329.66 |           8,486,076.34 |                   0.00 |              57,594.23 |           8,428,482.10
206      |         187,361,763.30 |              57,867.68 |           8,543,944.02 |                   0.00 |              57,594.23 |           8,486,349.78
  ▶ [Partial Unstake] ObjId: 0x2b51887b8cc8abf61dc58b171ecedf705aa8033d743ab16ac0bb4ac9b8347243 | TX: 6NaA3jvV3z9yENywkFP5jKQybD3FJesNZXYNyrr7bERg | Validator: IOTA 3 | Amount: 3,000,000.00 | Rewards: 63,977.22
207      |         181,361,763.30 |              57,960.56 |           8,601,904.58 |              63,977.22 |             121,571.45 |           8,480,333.13
208      |         184,361,763.30 |              57,280.03 |           8,659,184.60 |                   0.00 |             121,571.45 |           8,537,613.15
209      |         184,361,763.30 |              57,092.30 |           8,716,276.90 |                   0.00 |             121,571.45 |           8,594,705.45
210      |         184,361,763.30 |              57,495.81 |           8,773,772.71 |                   0.00 |             121,571.45 |           8,652,201.26
  ▶ [Unstaked] ObjId: 0x29f60c0255f30af4a85fe5eba01eba766a957cfe986a748ac101c1f6753ca5f6 | TX: ADtoFhTzDZgjdXm45M9VxEmzapB1P4goYSM1QTcLCR88 | Validator: Realize | Amount: 2,816,564.86 | Rewards: 200,565.18
  ▶ [Unstaked] ObjId: 0x605b3b0829d7ac49d5181ba444a8e53aeb2af2dc623e3209a28fad0b750f799c | TX: ADtoFhTzDZgjdXm45M9VxEmzapB1P4goYSM1QTcLCR88 | Validator: Realize | Amount: 2,816,564.86 | Rewards: 200,565.18
  ▶ [Unstaked] ObjId: 0x6a4df47701711f479c2f9bd7113de7589dac9c55b2cb51a748d83316fb71e552 | TX: ADtoFhTzDZgjdXm45M9VxEmzapB1P4goYSM1QTcLCR88 | Validator: Realize | Amount: 2,816,564.86 | Rewards: 204,766.44
211      |         175,912,068.73 |              54,600.30 |           8,828,373.00 |             605,896.79 |             727,468.24 |           8,100,904.76
212      |         175,912,068.73 |              54,413.41 |           8,882,786.41 |                   0.00 |             727,468.24 |           8,155,318.17
213      |         182,811,457.88 |              54,356.12 |           8,937,142.53 |                   0.00 |             727,468.24 |           8,209,674.29
214      |         182,811,457.88 |              56,348.06 |           8,993,490.59 |                   0.00 |             727,468.24 |           8,266,022.35
215      |         182,811,457.88 |              56,344.23 |           9,049,834.83 |                   0.00 |             727,468.24 |           8,322,366.59
216      |         182,811,457.88 |              56,279.78 |           9,106,114.61 |                   0.00 |             727,468.24 |           8,378,646.37
217      |         182,811,457.88 |              56,192.45 |           9,162,307.06 |                   0.00 |             727,468.24 |           8,434,838.82
218      |         182,811,457.88 |              56,341.45 |           9,218,648.51 |                   0.00 |             727,468.24 |           8,491,180.27
  ▶ [Partial Unstake] ObjId: 0x2b51887b8cc8abf61dc58b171ecedf705aa8033d743ab16ac0bb4ac9b8347243 | TX: 3RNUp1pPzmXts6oyR3bqCpyeYVpdtE4A7puarQRnVJSx | Validator: IOTA 3 | Amount: 3,000,000.00 | Rewards: 74,715.39
219      |         176,811,457.88 |              56,055.30 |           9,274,703.81 |              74,715.39 |             802,183.63 |           8,472,520.18
220      |         179,811,457.88 |              53,613.18 |           9,328,316.99 |                   0.00 |             802,183.63 |           8,526,133.36
221      |         179,811,457.88 |              55,268.64 |           9,383,585.64 |                   0.00 |             802,183.63 |           8,581,402.00
222      |         179,811,457.88 |              55,345.67 |           9,438,931.30 |                   0.00 |             802,183.63 |           8,636,747.67
223      |         179,811,457.88 |              55,268.20 |           9,494,199.50 |                   0.00 |             802,183.63 |           8,692,015.87
  ▶ [Unstaked] ObjId: 0x185f0ba9870483fbe9ab2635b327cf1efe3a63e5fa7d198ce32a063a67b695ee | TX: 6pdeSKJbhRLY8DhWjLuCPcVxpCi7yQdj2KjvEbfJnJCa | Validator: IOTA 3 | Amount: 2,816,564.86 | Rewards: 117,859.87
  ▶ [Unstaked] ObjId: 0xb18f2d0549d7e767b8344bea0437baa4f5b32db54a91a6464432103313e35c4e | TX: 6pdeSKJbhRLY8DhWjLuCPcVxpCi7yQdj2KjvEbfJnJCa | Validator: IOTA 3 | Amount: 1,550,305.42 | Rewards: 64,872.92
  ▶ [Unstaked] ObjId: 0xda01f468dacb139e26128cfa092abed2e6ac2f9a812ec61b9483826df78c38f5 | TX: 6pdeSKJbhRLY8DhWjLuCPcVxpCi7yQdj2KjvEbfJnJCa | Validator: IOTA 3 | Amount: 2,816,564.86 | Rewards: 160,667.87
  ▶ [Unstaked] ObjId: 0xe7a5fa488a1b6a6b023fd26e14d4532895d02426af949b5fdb0bb684469a77a5 | TX: 6pdeSKJbhRLY8DhWjLuCPcVxpCi7yQdj2KjvEbfJnJCa | Validator: IOTA 3 | Amount: 2,816,564.86 | Rewards: 160,667.87
224      |         169,811,457.88 |              56,639.57 |           9,550,839.07 |             504,068.54 |           1,306,252.18 |           8,244,586.90
225      |         175,444,587.60 |              53,040.11 |           9,603,879.18 |                   0.00 |           1,306,252.18 |           8,297,627.01
226      |         175,444,587.60 |              54,417.85 |           9,658,297.03 |                   0.00 |           1,306,252.18 |           8,352,044.85
227      |         175,444,587.60 |              54,431.34 |           9,712,728.37 |                   0.00 |           1,306,252.18 |           8,406,476.19
228      |         175,444,587.60 |              53,935.11 |           9,766,663.48 |                   0.00 |           1,306,252.18 |           8,460,411.30
229      |         175,444,587.60 |              53,902.46 |           9,820,565.94 |                   0.00 |           1,306,252.18 |           8,514,313.77
230      |         175,444,587.60 |              53,861.89 |           9,874,427.83 |                   0.00 |           1,306,252.18 |           8,568,175.65
231      |         175,444,587.60 |              53,916.35 |           9,928,344.17 |                   0.00 |           1,306,252.18 |           8,622,092.00
232      |         175,444,587.60 |              53,919.41 |           9,982,263.59 |                   0.00 |           1,306,252.18 |           8,676,011.41
233      |         175,444,587.60 |              53,820.14 |          10,036,083.72 |                   0.00 |           1,306,252.18 |           8,729,831.55
234      |         175,444,587.60 |              53,873.33 |          10,089,957.06 |                   0.00 |           1,306,252.18 |           8,783,704.88
235      |         175,444,587.60 |              53,842.08 |          10,143,799.14 |                   0.00 |           1,306,252.18 |           8,837,546.97
236      |         175,444,587.60 |              53,864.78 |          10,197,663.92 |                   0.00 |           1,306,252.18 |           8,891,411.75
237      |         175,444,587.60 |              55,281.06 |          10,252,944.98 |                   0.00 |           1,306,252.18 |           8,946,692.81
  ▶ [Partial Unstake] ObjId: 0x2b51887b8cc8abf61dc58b171ecedf705aa8033d743ab16ac0bb4ac9b8347243 | TX: szXgGqUBmkBG8TUJMPX4cQLCyandyMYk8NdiUaoHqVF | Validator: IOTA 3 | Amount: 3,000,000.00 | Rewards: 91,973.87
238      |         169,444,587.60 |              54,607.11 |          10,307,552.10 |              91,973.87 |           1,398,226.04 |           8,909,326.05
239      |         172,444,587.60 |              54,780.96 |          10,362,333.06 |                   0.00 |           1,398,226.04 |           8,964,107.01
240      |         172,444,587.60 |              54,764.93 |          10,417,097.99 |                   0.00 |           1,398,226.04 |           9,018,871.94
241      |         172,444,587.60 |              54,820.24 |          10,471,918.23 |                   0.00 |           1,398,226.04 |           9,073,692.18
242      |         172,444,587.60 |              54,188.38 |          10,526,106.61 |                   0.00 |           1,398,226.04 |           9,127,880.57
243      |         172,444,587.60 |              54,367.09 |          10,580,473.70 |                   0.00 |           1,398,226.04 |           9,182,247.65
244      |         172,444,587.60 |              54,240.03 |          10,634,713.73 |                   0.00 |           1,398,226.04 |           9,236,487.69
245      |         172,444,587.60 |              54,180.17 |          10,688,893.90 |                   0.00 |           1,398,226.04 |           9,290,667.86
246      |         172,444,587.60 |              54,201.70 |          10,743,095.60 |                   0.00 |           1,398,226.04 |           9,344,869.56
247      |         172,444,587.60 |              54,212.48 |          10,797,308.08 |                   0.00 |           1,398,226.04 |           9,399,082.04
248      |         172,444,587.60 |              54,060.63 |          10,851,368.71 |                   0.00 |           1,398,226.04 |           9,453,142.67
  ▶ [Partial Unstake] ObjId: 0x2b51887b8cc8abf61dc58b171ecedf705aa8033d743ab16ac0bb4ac9b8347243 | TX: 3qFz6tWVY6ZQyKJBifkjGJ3bQUoW1txAsGtyGs2XoNwQ | Validator: IOTA 3 | Amount: 3,000,000.00 | Rewards: 102,081.05
249      |         166,444,587.60 |              53,525.23 |          10,904,893.94 |             102,081.05 |           1,500,307.09 |           9,404,586.85
250      |         169,444,587.60 |              53,232.99 |          10,958,126.93 |                   0.00 |           1,500,307.09 |           9,457,819.84
251      |         169,444,587.60 |              53,290.90 |          11,011,417.83 |                   0.00 |           1,500,307.09 |           9,511,110.74
252      |         169,444,587.60 |              53,177.61 |          11,064,595.44 |                   0.00 |           1,500,307.09 |           9,564,288.35
253      |         169,444,587.60 |              51,892.39 |          11,116,487.84 |                   0.00 |           1,500,307.09 |           9,616,180.74
254      |         169,444,587.60 |              51,861.79 |          11,168,349.63 |                   0.00 |           1,500,307.09 |           9,668,042.53
255      |         169,444,587.60 |              51,916.22 |          11,220,265.84 |                   0.00 |           1,500,307.09 |           9,719,958.75
256      |         169,444,587.60 |              52,619.41 |          11,272,885.25 |                   0.00 |           1,500,307.09 |           9,772,578.16
257      |         169,444,587.60 |              51,940.09 |          11,324,825.34 |                   0.00 |           1,500,307.09 |           9,824,518.25
258      |         169,444,587.60 |              51,997.17 |          11,376,822.52 |                   0.00 |           1,500,307.09 |           9,876,515.42
259      |         169,444,587.60 |              51,991.85 |          11,428,814.37 |                   0.00 |           1,500,307.09 |           9,928,507.28
260      |         169,444,587.60 |              51,914.54 |          11,480,728.91 |                   0.00 |           1,500,307.09 |           9,980,421.82
261      |         169,444,587.60 |              51,850.26 |          11,532,579.17 |                   0.00 |           1,500,307.09 |          10,032,272.08
262      |         169,444,587.60 |              51,773.45 |          11,584,352.62 |                   0.00 |           1,500,307.09 |          10,084,045.53
263      |         169,444,587.60 |              51,651.45 |          11,636,004.07 |                   0.00 |           1,500,307.09 |          10,135,696.98
264      |         169,444,587.60 |              51,963.34 |          11,687,967.41 |                   0.00 |           1,500,307.09 |          10,187,660.32
265      |         169,444,587.60 |              52,300.00 |          11,740,267.41 |                   0.00 |           1,500,307.09 |          10,239,960.32
266      |         169,444,587.60 |              51,830.39 |          11,792,097.80 |                   0.00 |           1,500,307.09 |          10,291,790.71
267      |         169,444,587.60 |              51,915.09 |          11,844,012.89 |                   0.00 |           1,500,307.09 |          10,343,705.79
268      |         169,444,587.60 |              51,665.49 |          11,895,678.38 |                   0.00 |           1,500,307.09 |          10,395,371.28
269      |         169,444,587.60 |              52,332.17 |          11,948,010.54 |                   0.00 |           1,500,307.09 |          10,447,703.45
270      |         169,444,587.60 |              52,359.98 |          12,000,370.52 |                   0.00 |           1,500,307.09 |          10,500,063.42
271      |         169,444,587.60 |              52,219.71 |          12,052,590.22 |                   0.00 |           1,500,307.09 |          10,552,283.13
272      |         169,444,587.60 |              52,005.95 |          12,104,596.17 |                   0.00 |           1,500,307.09 |          10,604,289.08
273      |         169,444,587.60 |              52,447.23 |          12,157,043.40 |                   0.00 |           1,500,307.09 |          10,656,736.31
274      |         169,444,587.60 |              52,101.19 |          12,209,144.59 |                   0.00 |           1,500,307.09 |          10,708,837.50
275      |         169,444,587.60 |              52,070.78 |          12,261,215.37 |                   0.00 |           1,500,307.09 |          10,760,908.28
276      |         169,444,587.60 |              52,205.57 |          12,313,420.94 |                   0.00 |           1,500,307.09 |          10,813,113.85
277      |         169,444,587.60 |              51,789.89 |          12,365,210.83 |                   0.00 |           1,500,307.09 |          10,864,903.74
278      |         169,444,587.60 |              51,750.23 |          12,416,961.06 |                   0.00 |           1,500,307.09 |          10,916,653.96
279      |         169,444,587.60 |              51,734.23 |          12,468,695.28 |                   0.00 |           1,500,307.09 |          10,968,388.19
  ▶ [Unstaked] ObjId: 0x2b51887b8cc8abf61dc58b171ecedf705aa8033d743ab16ac0bb4ac9b8347243 | TX: BBKMMC9VEsQgqQZuiKY2rcroX3t7KLhqk1oDBsycXGNb | Validator: IOTA 3 | Amount: 3,001,000.00 | Rewards: 129,879.96
280      |         166,443,587.60 |              49,555.17 |          12,518,250.45 |             129,879.96 |           1,630,187.05 |          10,888,063.40
281      |         166,443,587.60 |              50,746.29 |          12,568,996.74 |                   0.00 |           1,630,187.05 |          10,938,809.69
282      |         166,443,587.60 |              50,704.97 |          12,619,701.71 |                   0.00 |           1,630,187.05 |          10,989,514.66
283      |         166,443,587.60 |              51,283.22 |          12,670,984.93 |                   0.00 |           1,630,187.05 |          11,040,797.88
284      |         166,443,587.60 |              50,685.26 |          12,721,670.19 |                   0.00 |           1,630,187.05 |          11,091,483.14
285      |         166,443,587.60 |              50,652.83 |          12,772,323.02 |                   0.00 |           1,630,187.05 |          11,142,135.97
286      |         166,443,587.60 |              50,638.38 |          12,822,961.40 |                   0.00 |           1,630,187.05 |          11,192,774.35
287      |         166,443,587.60 |              50,593.79 |          12,873,555.19 |                   0.00 |           1,630,187.05 |          11,243,368.14
288      |         166,443,587.60 |              50,678.51 |          12,924,233.70 |                   0.00 |           1,630,187.05 |          11,294,046.65
289      |         166,443,587.60 |              50,823.17 |          12,975,056.88 |                   0.00 |           1,630,187.05 |          11,344,869.83
290      |         166,443,587.60 |              50,706.76 |          13,025,763.64 |                   0.00 |           1,630,187.05 |          11,395,576.59
291      |         166,443,587.60 |              50,554.73 |          13,076,318.37 |                   0.00 |           1,630,187.05 |          11,446,131.32
292      |         166,443,587.60 |              50,517.39 |          13,126,835.76 |                   0.00 |           1,630,187.05 |          11,496,648.71
293      |         166,443,587.60 |              50,476.54 |          13,177,312.30 |                   0.00 |           1,630,187.05 |          11,547,125.25
294      |         166,443,587.60 |              50,428.18 |          13,227,740.48 |                   0.00 |           1,630,187.05 |          11,597,553.43
295      |         166,443,587.60 |              51,469.56 |          13,279,210.03 |                   0.00 |           1,630,187.05 |          11,649,022.98
296      |         166,443,587.60 |              50,900.70 |          13,330,110.73 |                   0.00 |           1,630,187.05 |          11,699,923.68
297      |         166,443,587.60 |              50,719.06 |          13,380,829.79 |                   0.00 |           1,630,187.05 |          11,750,642.74
298      |         166,443,587.60 |              50,855.82 |          13,431,685.62 |                   0.00 |           1,630,187.05 |          11,801,498.57
299      |         166,443,587.60 |              50,709.58 |          13,482,395.20 |                   0.00 |           1,630,187.05 |          11,852,208.15
300      |         166,443,587.60 |              50,690.91 |          13,533,086.11 |                   0.00 |           1,630,187.05 |          11,902,899.06
301      |         166,443,587.60 |              50,810.18 |          13,583,896.28 |                   0.00 |           1,630,187.05 |          11,953,709.23
302      |         166,443,587.60 |              52,168.02 |          13,636,064.30 |                   0.00 |           1,630,187.05 |          12,005,877.25
303      |         166,443,587.60 |              50,981.72 |          13,687,046.02 |                   0.00 |           1,630,187.05 |          12,056,858.97
304      |         166,443,587.60 |              50,885.07 |          13,737,931.10 |                   0.00 |           1,630,187.05 |          12,107,744.05
305      |         166,443,587.60 |              51,734.67 |          13,789,665.76 |                   0.00 |           1,630,187.05 |          12,159,478.71
306      |         166,443,587.60 |              51,175.48 |          13,840,841.25 |                   0.00 |           1,630,187.05 |          12,210,654.20
307      |         166,443,587.60 |              51,084.53 |          13,891,925.78 |                   0.00 |           1,630,187.05 |          12,261,738.73
  ▶ [Unstaked] ObjId: 0x4eb5b25d55e207fe37c2a77d5e98d3a427ffd581d26af3d31c1dc9595b5605fc | TX: EpoHAwUHPWzWFNscrRJkp1ydyh692Za4gBAvTAMvw9ED | Validator: IOTA 2 | Amount: 2,816,564.86 | Rewards: 107,304.20
  ▶ [Unstaked] ObjId: 0xdfaa2839914cad8d68873ee5331ccec102352cba94f8eedfd9a1e0412446817e | TX: EpoHAwUHPWzWFNscrRJkp1ydyh692Za4gBAvTAMvw9ED | Validator: IOTA 2 | Amount: 2,816,564.86 | Rewards: 107,304.20
308      |         163,627,022.74 |              50,564.61 |          13,942,490.38 |             214,608.39 |           1,844,795.44 |          12,097,694.94
309      |         163,627,022.74 |              50,408.09 |          13,992,898.47 |                   0.00 |           1,844,795.44 |          12,148,103.03
310      |         163,627,022.74 |              50,343.49 |          14,043,241.96 |                   0.00 |           1,844,795.44 |          12,198,446.52
311      |         163,627,022.74 |              49,832.06 |          14,093,074.02 |                   0.00 |           1,844,795.44 |          12,248,278.58
312      |         163,627,022.74 |              50,557.33 |          14,143,631.35 |                   0.00 |           1,844,795.44 |          12,298,835.91
313      |         163,627,022.74 |              50,570.83 |          14,194,202.18 |                   0.00 |           1,844,795.44 |          12,349,406.74
314      |         163,627,022.74 |              50,610.29 |          14,244,812.47 |                   0.00 |           1,844,795.44 |          12,400,017.03
315      |         163,627,022.74 |              50,660.72 |          14,295,473.19 |                   0.00 |           1,844,795.44 |          12,450,677.75
316      |         163,627,022.74 |              51,021.70 |          14,346,494.88 |                   0.00 |           1,844,795.44 |          12,501,699.44
317      |         163,627,022.74 |              50,743.68 |          14,397,238.56 |                   0.00 |           1,844,795.44 |          12,552,443.12
318      |         163,627,022.74 |              50,719.25 |          14,447,957.81 |                   0.00 |           1,844,795.44 |          12,603,162.37
319      |         163,627,022.74 |              50,653.53 |          14,498,611.34 |                   0.00 |           1,844,795.44 |          12,653,815.90
320      |         163,627,022.74 |              50,662.89 |          14,549,274.23 |                   0.00 |           1,844,795.44 |          12,704,478.79
321      |         163,627,022.74 |              50,624.97 |          14,599,899.20 |                   0.00 |           1,844,795.44 |          12,755,103.76
322      |         163,627,022.74 |              50,807.22 |          14,650,706.42 |                   0.00 |           1,844,795.44 |          12,805,910.98
323      |         163,627,022.74 |              50,666.57 |          14,701,372.99 |                   0.00 |           1,844,795.44 |          12,856,577.55
324      |         163,627,022.74 |              50,714.51 |          14,752,087.50 |                   0.00 |           1,844,795.44 |          12,907,292.05
325      |         163,627,022.74 |              47,638.59 |          14,799,726.09 |                   0.00 |           1,844,795.44 |          12,954,930.65
326      |         163,627,022.74 |              47,691.00 |          14,847,417.09 |                   0.00 |           1,844,795.44 |          13,002,621.65
327      |         163,627,022.74 |              50,770.20 |          14,898,187.29 |                   0.00 |           1,844,795.44 |          13,053,391.85
328      |         163,627,022.74 |              50,804.97 |          14,948,992.26 |                   0.00 |           1,844,795.44 |          13,104,196.81
329      |         163,627,022.74 |              50,784.86 |          14,999,777.12 |                   0.00 |           1,844,795.44 |          13,154,981.68
330      |         163,627,022.74 |              50,719.53 |          15,050,496.65 |                   0.00 |           1,844,795.44 |          13,205,701.21
  ▶ [Unlocked] ObjId: 0x89f2c00db48d4765f12c8d67483e394ed1ddd06a9f2b3a12e2498e6b31f7bb1f | TX: 4tyqCHP2DcF4pEvhaB4orEmf3HDyWmKsyTKyyS9HC2oi | Validator: Sensei_Node | Amount: 2,816,564.86
  ▶ [Unlocked] ObjId: 0x5550812a50894c46b0335c652d387f30b9b1184cb10973af03867dc8a362c23f | TX: HXC2dBJ313xWvjfdMWM1tqB6xz7G6KV7Xg3J5xwaPaSz | Validator: Spectrum Staking | Amount: 2,816,564.86
  ▶ [Unlocked] ObjId: 0xe19c5b121e7dfae143405fe98fee898e3a914f8fc22aff9c37f00004a164e695 | TX: HXC2dBJ313xWvjfdMWM1tqB6xz7G6KV7Xg3J5xwaPaSz | Validator: Spectrum Staking | Amount: 2,816,564.86
  ▶ [Unlocked] ObjId: 0x6da68dc755dd4cc165ed965ed33d9e63d1dea391ebc4fd74d516a3bc2ec31104 | TX: C2xqoXKpCrS9WF5i6XPcsBCjqQUEwYBtw4octANqUYZK | Validator: LinkPool | Amount: 1,816,564.86
  ▶ [Unlocked] ObjId: 0xd41d645be7bf0ca33d13749b5647cbbcd3744cfbe706921f4927e07008a0734f | TX: C2xqoXKpCrS9WF5i6XPcsBCjqQUEwYBtw4octANqUYZK | Validator: LinkPool | Amount: 1,816,564.86
  ▶ [Unlocked] ObjId: 0x201fd7652740d99603bbcbd0aa0360b7b3f16f57f1030050a40ecd808d8fde6d | TX: EvtoH8HWhCnFNUqtXingAvxEAzyvU27LLpjB561Wbn7u | Validator: Lavender.Five Nodes | Amount: 2,816,564.86
  ▶ [Unlocked] ObjId: 0x634cfee88b3098758a1a136cbce4bd2347d88440580ec8e380266d2bcef893e7 | TX: EvtoH8HWhCnFNUqtXingAvxEAzyvU27LLpjB561Wbn7u | Validator: Lavender.Five Nodes | Amount: 2,816,564.86
  ▶ [Unlocked] ObjId: 0x41dae3e01a683d905471351cc02a544ae80491243f7daef18f3a9e19c93d7efe | TX: DMujepKb3FC6GiTdWdcdD1Kzf9Eb2N8bWTjx1hPSh7Sg | Validator: CroutonDigital | Amount: 2,816,564.86
  ▶ [Unlocked] ObjId: 0xf1baddc5f3aae0dce4b884818ffe851856e0ebb9ec87fc47db46e56547b0edf3 | TX: DMujepKb3FC6GiTdWdcdD1Kzf9Eb2N8bWTjx1hPSh7Sg | Validator: CroutonDigital | Amount: 2,816,564.86
  ▶ [Unlocked] ObjId: 0x0e86a1d0333bd79699d5cc429e796ca9a402879a789af7b6b45bd0a3c37e691c | TX: 2Gika65U5MCDUz22rtwg2cpiA3Wit7XHiEP6TYLeTjS3 | Validator: Stardust Staking | Amount: 2,816,564.86
  ▶ [Unlocked] ObjId: 0x76d4aaf52732d34e9625d1106ae6a0186bb8996be5be27e2ab2e1fc065a2ae03 | TX: 2Gika65U5MCDUz22rtwg2cpiA3Wit7XHiEP6TYLeTjS3 | Validator: Stardust Staking | Amount: 2,816,564.86
  ▶ [Unlocked] ObjId: 0x818209f38d6c01b4d649b09b91cb60e6fcc96d93742496d3eabfdbade8433c8f | TX: CGxuA4UCsRwzRCLA7J47a7bPE62LtWy3jJPL1Bgqk5gf | Validator: SDVC | Amount: 2,816,564.86
  ▶ [Unlocked] ObjId: 0xd67616dd1fe08be8b2438d0980e2cb20501f66e3e5436bc332c6124c90247c9f | TX: CGxuA4UCsRwzRCLA7J47a7bPE62LtWy3jJPL1Bgqk5gf | Validator: SDVC | Amount: 2,816,564.86
  ▶ [Unlocked] ObjId: 0x82ad27531e6b417703e9ea29a18aa680e7fa042dae2c0680bbbd9fb29f0cdca9 | TX: 77bvC3FrMZ1FJo77rrXADwsEiWsFrCr2FLYj4Ubk6usg | Validator: Encapsulate | Amount: 2,816,564.86
  ▶ [Unlocked] ObjId: 0x8ed47cc2ab71d433908e0bbf6d85558f19a483cfbeec03703571524ed50d5fd8 | TX: 77bvC3FrMZ1FJo77rrXADwsEiWsFrCr2FLYj4Ubk6usg | Validator: Encapsulate | Amount: 2,816,564.86
  ▶ [Unlocked] ObjId: 0xa6d42dcb4e3ba4f17054e287172c9828ec6f85ce88a8d7b8e2d72230b7fb53db | TX: J6UnBJ1y1GsxADmvmNc49cBWFcUUrQULwhe4ow6FYpNL | Validator: TokenLabs.Network | Amount: 2,816,564.86
  ▶ [Unlocked] ObjId: 0xaa5ba2ab7a7cf4c3483ac541a0724b816d646681900fef9fe1e020db1f48e51e | TX: J6UnBJ1y1GsxADmvmNc49cBWFcUUrQULwhe4ow6FYpNL | Validator: TokenLabs.Network | Amount: 2,816,564.86
  ▶ [Unlocked] ObjId: 0x1beab684091285a95e327229acf603870d3896eebb342e41ac824a479374aa4d | TX: 97GdqckSCJ2NgxuJrWTGdiqEFyF4bmrqtrTVfSVKNvck | Validator: Allnodes | Amount: 2,816,564.86
  ▶ [Unlocked] ObjId: 0x4a1dc146b97a6a5316704a36cca853ccd40e0ebce55f89741b2f8aef28ff3aff | TX: 97GdqckSCJ2NgxuJrWTGdiqEFyF4bmrqtrTVfSVKNvck | Validator: Allnodes | Amount: 2,816,564.86
  ▶ [Unlocked] ObjId: 0x66bc0b5b626aa44a3faed314a13bd7210e8ea7080e169afa1482f5edccb39588 | TX: BPLDZEoowxiT6Lc6oaQezup4j4oXnFA8rxCYktMnQmvj | Validator: Allnodes | Amount: 2,816,564.86
  ▶ [Unlocked] ObjId: 0xbfa62e08a8f526b1222881c34b8671aa83adf3305923f342ebc6fe1980a4acb4 | TX: BPLDZEoowxiT6Lc6oaQezup4j4oXnFA8rxCYktMnQmvj | Validator: Allnodes | Amount: 2,816,564.86
  ▶ [Unlocked] ObjId: 0x036458d858fc14bcdbe758c11c52a72317d3b56b6bbd576756a7fc4634f9049e | TX: Efx76edcbAr2WV8YU7boKdFjWSmDg42KWPyufxV1z3eY | Validator: BlockHunters | Amount: 2,816,564.86
  ▶ [Unlocked] ObjId: 0xe964a08c10218e4518b82116fc4391ba5f083a5371c4912f01eb30743389ba2f | TX: Efx76edcbAr2WV8YU7boKdFjWSmDg42KWPyufxV1z3eY | Validator: BlockHunters | Amount: 2,816,564.86
  ▶ [Unlocked] ObjId: 0x9c175283e06b25067b7efe6e8eff6c9f7e41151deae0dcfb87e6e1f16766c56d | TX: ARmhULdHRbDCjgffeuws2urpSf3HopWf2FYCBDeQzr2M | Validator: Lavender.Five Nodes | Amount: 2,816,564.86
  ▶ [Unlocked] ObjId: 0xaa073de6563f92a902d645f6ad552e471490b2bebb6d2b27b363efca3502daaf | TX: ARmhULdHRbDCjgffeuws2urpSf3HopWf2FYCBDeQzr2M | Validator: Lavender.Five Nodes | Amount: 2,816,564.86
  ▶ [Unlocked] ObjId: 0x6adda88470a9908e65c223e77659b4eb40c1bb323d871e070ddca9a37e5a2fa6 | TX: 4tyqCHP2DcF4pEvhaB4orEmf3HDyWmKsyTKyyS9HC2oi | Validator: Sensei_Node | Amount: 2,816,564.86
  ▶ [Unlocked] ObjId: 0x1c6ee87829640c878a4fd03cd7f4ce76971741d9abce43f538cea81cbbcf3040 | TX: 3S6DrowEU7YViXKtrs4S2rQnUb8ENk4sdD4UjmVrm9iw | Validator: Lavender.Five Nodes | Amount: 2,816,564.86
  ▶ [Unlocked] ObjId: 0x9d714c98ea7035cb28aa1c091eba4e667477212ad1c197d4f613e98f7421757b | TX: 3S6DrowEU7YViXKtrs4S2rQnUb8ENk4sdD4UjmVrm9iw | Validator: Lavender.Five Nodes | Amount: 2,816,564.86
  ▶ [Unlocked] ObjId: 0xae25363cd877e5972d4a7e8f303b6cc61afa003ca5ba5a81c8daa28ab145ad8f | TX: HqWZU6rc7H7ofV4HBLgxKVFZMXM1rMzBeshYzWgiXkWM | Validator: InfraSingularity | Amount: 2,816,564.86
  ▶ [Unlocked] ObjId: 0xd3bd6a6994a452564aa9530b006fb9cdb4f93f7c8112fc7ff72eecc4fcd77bdd | TX: HqWZU6rc7H7ofV4HBLgxKVFZMXM1rMzBeshYzWgiXkWM | Validator: InfraSingularity | Amount: 2,816,564.86
  ▶ [Unlocked] ObjId: 0x1a545b9ddf57df370ebcf6dd1fa571b32b1332604c0276d1ab4b890ead5224d7 | TX: 2ce1kafAV9TrcZDzcnG5hnNjD9KAK5fqFb4NPyAh34Nq | Validator: CroutonDigital | Amount: 2,816,564.86
  ▶ [Unlocked] ObjId: 0xa68e7634824e46af4f0049a7137329173db3a2365b3162db3a4ef66bdeb132d7 | TX: 2ce1kafAV9TrcZDzcnG5hnNjD9KAK5fqFb4NPyAh34Nq | Validator: CroutonDigital | Amount: 2,816,564.86
  ▶ [Unlocked] ObjId: 0x04755dd24c94427ab742d634a739e629529cc0c774605fc750a00186c9770e6d | TX: 2SWoWGe6uGDHBpKz572nq97Ps87wmjKB3grCsp3PQPbh | Validator: IOTA 1 | Amount: 1.50
  ▶ [Unlocked] ObjId: 0x0d0bd6e6b512796beb9ea151097c8e9b4cbb17c67d08b2a8e00b8f26e156a140 | TX: 2SWoWGe6uGDHBpKz572nq97Ps87wmjKB3grCsp3PQPbh | Validator: IOTA 1 | Amount: 1.50
  ▶ [Unlocked] ObjId: 0x0c5ebce73faf1d6e482012b48c94de8e4af2884cb3d35bdcff2a6f7f15e217ad | TX: Hd9GNwSJz8VR1zRjNaaSMuTtighJeT3npVKaiQNPMftW | Validator: Pier Two | Amount: 2,816,564.86
  ▶ [Unlocked] ObjId: 0x483a8cb30f3cdf2a50c54e9dbaaa796d502f8a00d99ce0fee2c46d1ba88d8bf5 | TX: Hd9GNwSJz8VR1zRjNaaSMuTtighJeT3npVKaiQNPMftW | Validator: Pier Two | Amount: 2,816,564.86
  ▶ [Unlocked] ObjId: 0x86c3671f080f839bd76d56eeb5a56f463336c94fb66116e332fd9d6081767bb1 | TX: FWVBQK2tUgfjtMY5oAN6e6YeVKRMyBd6PVLGzMfidyMo | Validator: Encapsulate | Amount: 2,816,564.86
  ▶ [Unlocked] ObjId: 0xbe2dc7bcd2e2538f45a0717e4f6eccb590f68a16626780722eebd9591776da67 | TX: FWVBQK2tUgfjtMY5oAN6e6YeVKRMyBd6PVLGzMfidyMo | Validator: Encapsulate | Amount: 2,816,564.86
  ▶ [Unlocked] ObjId: 0x3bca2d5801c05d4fe576d6289b82e97ebb17e1dfd9316365b664aeb2a384c23f | TX: 6Qm9MTnE9t3BxukJp38dBR461KjRFCKrZq1GJ2yYXozx | Validator: HashKeyCloud | Amount: 2,816,564.86
  ▶ [Unlocked] ObjId: 0xaa8ea407fc9703220f7e7089ca88b284bee9bd4baa59debc26ec30629627fc3b | TX: 6Qm9MTnE9t3BxukJp38dBR461KjRFCKrZq1GJ2yYXozx | Validator: HashKeyCloud | Amount: 2,816,564.86
  ▶ [Unlocked] ObjId: 0xa1cb11e4ef55942a6a27b88be691baed339d652c05b614f997846db4d671b785 | TX: DQBELz9dA8TzPYw3mwLvwYgNrWfP3NGXnEX7WoUSAaX1 | Validator: Lavender.Five Nodes | Amount: 2,816,564.86
  ▶ [Unlocked] ObjId: 0xe7c82927cd65f505b9e1c04cc5ac6baecff8047c1b5b122e980b346a1496246c | TX: DQBELz9dA8TzPYw3mwLvwYgNrWfP3NGXnEX7WoUSAaX1 | Validator: Lavender.Five Nodes | Amount: 2,816,564.86
331      |         218,958,321.41 |              50,954.73 |          15,101,451.38 |                   0.00 |           1,844,795.44 |          13,256,655.94
332      |         163,627,022.74 |              50,755.56 |          15,152,206.95 |                   0.00 |           1,844,795.44 |          13,307,411.51
333      |         163,627,022.74 |              50,718.48 |          15,202,925.43 |                   0.00 |           1,844,795.44 |          13,358,129.99
334      |         163,627,022.74 |              50,657.78 |          15,253,583.21 |                   0.00 |           1,844,795.44 |          13,408,787.77
335      |         163,627,022.74 |              50,666.61 |          15,304,249.81 |                   0.00 |           1,844,795.44 |          13,459,454.37
336      |         163,627,022.74 |              50,623.43 |          15,354,873.25 |                   0.00 |           1,844,795.44 |          13,510,077.81
337      |         163,627,022.74 |              50,607.52 |          15,405,480.77 |                   0.00 |           1,844,795.44 |          13,560,685.32