Epoch    |                 Staked |                Rewards |            Accumulated |        Unstake Rewards |          Unstake Total |      Available Rewards
----------------------------------------------------------------------------------------------------------------------------------------------
0        |          50,000,000.00 |              69,030.09 |              69,030.09 |                   0.00 |                   0.00 |              69,030.09
1        |          55,633,129.72 |              43,482.78 |             112,512.88 |                   0.00 |                   0.00 |             112,512.88
2        |          75,349,083.73 |              44,351.30 |             156,864.18 |                   0.00 |                   0.00 |             156,864.18
3        |          89,431,908.02 |              53,110.37 |             209,974.55 |                   0.00 |                   0.00 |             209,974.55
4        |         140,698,167.46 |              58,049.46 |             268,024.01 |                   0.00 |                   0.00 |             268,024.01
5        |         143,514,732.31 |              75,566.21 |             343,590.23 |                   0.00 |                   0.00 |             343,590.23
6        |         160,414,121.47 |              71,414.35 |             415,004.57 |                   0.00 |                   0.00 |             415,004.57
7        |         160,414,121.47 |              75,907.70 |             490,912.28 |                   0.00 |                   0.00 |             490,912.28
8        |         163,230,686.32 |              73,638.42 |             564,550.69 |                   0.00 |                   0.00 |             564,550.69
9        |         174,496,945.76 |              72,031.97 |             636,582.66 |                   0.00 |                   0.00 |             636,582.66
10       |         174,496,945.76 |              74,128.41 |             710,711.07 |                   0.00 |                   0.00 |             710,711.07
11       |         174,496,945.76 |              74,818.22 |             785,529.29 |                   0.00 |                   0.00 |             785,529.29
12       |         174,496,945.76 |              74,591.88 |             860,121.17 |                   0.00 |                   0.00 |             860,121.17
13       |         180,828,242.93 |              73,373.02 |             933,494.20 |                   0.00 |                   0.00 |             933,494.20
14       |         180,828,242.93 |              75,437.83 |           1,008,932.02 |                   0.00 |                   0.00 |           1,008,932.02
15       |         186,461,372.65 |              74,730.92 |           1,083,662.94 |                   0.00 |                   0.00 |           1,083,662.94
16       |         186,461,372.65 |              76,743.32 |           1,160,406.26 |                   0.00 |                   0.00 |           1,160,406.26
17       |         186,461,372.65 |              71,174.43 |           1,231,580.69 |                   0.00 |                   0.00 |           1,231,580.69
18       |         186,461,372.65 |              70,618.80 |           1,302,199.49 |                   0.00 |                   0.00 |           1,302,199.49
19       |         186,461,372.65 |              69,921.89 |           1,372,121.38 |                   0.00 |                   0.00 |           1,372,121.38
20       |         189,277,937.51 |              69,420.50 |           1,441,541.88 |                   0.00 |                   0.00 |           1,441,541.88
21       |         194,911,067.23 |              70,134.22 |           1,511,676.11 |                   0.00 |                   0.00 |           1,511,676.11
22       |         194,911,067.23 |              71,901.05 |           1,583,577.16 |                   0.00 |                   0.00 |           1,583,577.16
23       |         200,544,196.94 |              71,587.69 |           1,655,164.85 |                   0.00 |                   0.00 |           1,655,164.85
24       |         200,544,196.94 |              73,471.40 |           1,728,636.25 |                   0.00 |                   0.00 |           1,728,636.25
25       |         200,544,196.94 |              73,400.94 |           1,802,037.20 |                   0.00 |                   0.00 |           1,802,037.20
26       |         200,544,196.94 |              73,382.39 |           1,875,419.58 |                   0.00 |                   0.00 |           1,875,419.58
27       |         200,544,196.94 |              73,218.67 |           1,948,638.25 |                   0.00 |                   0.00 |           1,948,638.25
28       |         200,544,196.94 |              73,158.13 |           2,021,796.38 |                   0.00 |                   0.00 |           2,021,796.38
29       |         200,544,196.94 |              70,910.72 |           2,092,707.10 |                   0.00 |                   0.00 |           2,092,707.10
30       |         200,544,196.94 |              70,615.98 |           2,163,323.09 |                   0.00 |                   0.00 |           2,163,323.09
31       |         200,544,196.94 |              70,580.64 |           2,233,903.73 |                   0.00 |                   0.00 |           2,233,903.73
32       |         200,544,196.94 |              70,479.38 |           2,304,383.11 |                   0.00 |                   0.00 |           2,304,383.11
33       |         200,544,196.94 |              70,414.22 |           2,374,797.33 |                   0.00 |                   0.00 |           2,374,797.33
34       |         200,544,196.94 |              70,297.22 |           2,445,094.55 |                   0.00 |                   0.00 |           2,445,094.55
35       |         200,544,196.94 |              70,387.28 |           2,515,481.83 |                   0.00 |                   0.00 |           2,515,481.83
  ▶ [Unstaked] ObjId: 0x7f2d481343ea8c1539a9aae2eb60d076e9e538d9f8a05789f4154d54d0881d96 | TX: 7NSXCAhDgJPYWo1EsaQLoViVn5PZtuckXEeDLRPfKkKJ | Validator: Matrixed.Link | Amount: 2,816,564.86 | Rewards: 38,868.25
  ▶ [Partial Unstake] ObjId: 0x6da68dc755dd4cc165ed965ed33d9e63d1dea391ebc4fd74d516a3bc2ec31104 | TX: ERoaEGh4JVtfqQt597LCdn6cJKShYxTZo5PsWvYqJvY5 | Validator: LinkPool | Amount: 1,000,000.00 | Rewards: 12,072.93
36       |         195,727,632.08 |              69,049.84 |           2,584,531.67 |              50,941.18 |              50,941.18 |           2,533,590.48
37       |         196,727,632.08 |              68,569.91 |           2,653,101.58 |                   0.00 |              50,941.18 |           2,602,160.40
38       |         196,727,632.08 |              68,702.29 |           2,721,803.86 |                   0.00 |              50,941.18 |           2,670,862.68
39       |         196,727,632.08 |              68,860.16 |           2,790,664.02 |                   0.00 |              50,941.18 |           2,739,722.84
40       |         196,727,632.08 |              68,846.23 |           2,859,510.25 |                   0.00 |              50,941.18 |           2,808,569.07
41       |         196,727,632.08 |              68,820.20 |           2,928,330.45 |                   0.00 |              50,941.18 |           2,877,389.27
  ▶ [Partial Unstake] ObjId: 0xcba34e618be3cda338d89b1917217282e9724e3aaa3bab5a4be9a1162ba8198f | TX: 7EbTrZdJU87fSMooJrBmgv29YgtnFNEFbhQRWbPwAp1t | Validator: IOTA 3 | Amount: 6,000,000.00 | Rewards: 83,899.28
42       |         184,727,632.08 |              67,234.99 |           2,995,565.45 |              83,899.28 |             134,840.46 |           2,860,724.99
43       |         190,727,632.08 |              67,166.09 |           3,062,731.54 |                   0.00 |             134,840.46 |           2,927,891.08
44       |         196,360,761.80 |              67,219.34 |           3,129,950.88 |                   0.00 |             134,840.46 |           2,995,110.42
45       |         196,360,761.80 |              68,480.76 |           3,198,431.64 |                   0.00 |             134,840.46 |           3,063,591.18
46       |         196,360,761.80 |              68,544.10 |           3,266,975.75 |                   0.00 |             134,840.46 |           3,132,135.29
47       |         196,360,761.80 |              68,285.37 |           3,335,261.12 |                   0.00 |             134,840.46 |           3,200,420.66
48       |         196,360,761.80 |              68,236.71 |           3,403,497.83 |                   0.00 |             134,840.46 |           3,268,657.37
49       |         196,360,761.80 |              68,294.85 |           3,471,792.68 |                   0.00 |             134,840.46 |           3,336,952.22
50       |         196,360,761.80 |              68,315.51 |           3,540,108.19 |                   0.00 |             134,840.46 |           3,405,267.73
51       |         196,360,761.80 |              68,486.15 |           3,608,594.34 |                   0.00 |             134,840.46 |           3,473,753.88
52       |         196,360,761.80 |              68,216.79 |           3,676,811.13 |                   0.00 |             134,840.46 |           3,541,970.67
53       |         196,360,761.80 |              68,149.28 |           3,744,960.41 |                   0.00 |             134,840.46 |           3,610,119.95
54       |         196,360,761.80 |              68,080.83 |           3,813,041.24 |                   0.00 |             134,840.46 |           3,678,200.78
55       |         196,360,761.80 |              68,054.69 |           3,881,095.93 |                   0.00 |             134,840.46 |           3,746,255.47
56       |         196,360,761.80 |              68,241.80 |           3,949,337.73 |                   0.00 |             134,840.46 |           3,814,497.27
57       |         196,360,761.80 |              68,021.66 |           4,017,359.38 |                   0.00 |             134,840.46 |           3,882,518.93
58       |         196,360,761.80 |              67,947.97 |           4,085,307.35 |                   0.00 |             134,840.46 |           3,950,466.90
59       |         196,360,761.80 |              68,042.45 |           4,153,349.80 |                   0.00 |             134,840.46 |           4,018,509.34
60       |         196,360,761.80 |              67,985.02 |           4,221,334.82 |                   0.00 |             134,840.46 |           4,086,494.36
61       |         196,360,761.80 |              67,918.93 |           4,289,253.75 |                   0.00 |             134,840.46 |           4,154,413.30
62       |         196,360,761.80 |              67,949.16 |           4,357,202.92 |                   0.00 |             134,840.46 |           4,222,362.46
63       |         196,360,761.80 |              67,867.60 |           4,425,070.52 |                   0.00 |             134,840.46 |           4,290,230.06
64       |         196,360,761.80 |              67,769.11 |           4,492,839.63 |                   0.00 |             134,840.46 |           4,357,999.17
65       |         196,360,761.80 |              67,701.32 |           4,560,540.95 |                   0.00 |             134,840.46 |           4,425,700.49
66       |         196,360,761.80 |              68,480.12 |           4,629,021.07 |                   0.00 |             134,840.46 |           4,494,180.62
67       |         196,360,761.80 |              68,359.28 |           4,697,380.36 |                   0.00 |             134,840.46 |           4,562,539.90
  ▶ [Partial Unstake] ObjId: 0xcba34e618be3cda338d89b1917217282e9724e3aaa3bab5a4be9a1162ba8198f | TX: 6jZgfz3Mrs8P6MSSgTDWiihTKVDv5xHg21u3GiFD4uK3 | Validator: IOTA 3 | Amount: 5,000,000.00 | Rewards: 114,266.02
68       |         191,360,761.80 |              67,580.48 |           4,764,960.84 |             114,266.02 |             249,106.48 |           4,515,854.36
69       |         196,360,761.80 |              68,723.04 |           4,833,683.88 |                   0.00 |             249,106.48 |           4,584,577.40
70       |         196,360,761.80 |              68,436.92 |           4,902,120.80 |                   0.00 |             249,106.48 |           4,653,014.32
71       |         196,360,761.80 |              67,777.88 |           4,969,898.68 |                   0.00 |             249,106.48 |           4,720,792.20
72       |         196,360,761.80 |              65,811.42 |           5,035,710.10 |                   0.00 |             249,106.48 |           4,786,603.62
73       |         196,360,761.80 |              65,755.71 |           5,101,465.81 |                   0.00 |             249,106.48 |           4,852,359.33
74       |         196,360,761.80 |              65,682.13 |           5,167,147.94 |                   0.00 |             249,106.48 |           4,918,041.46
75       |         196,360,761.80 |              65,673.99 |           5,232,821.93 |                   0.00 |             249,106.48 |           4,983,715.45
76       |         196,360,761.80 |              65,645.15 |           5,298,467.08 |                   0.00 |             249,106.48 |           5,049,360.60
77       |         196,360,761.80 |              65,541.39 |           5,364,008.47 |                   0.00 |             249,106.48 |           5,114,901.99
78       |         196,360,761.80 |              65,460.64 |           5,429,469.11 |                   0.00 |             249,106.48 |           5,180,362.63
79       |         196,360,761.80 |              65,468.20 |           5,494,937.31 |                   0.00 |             249,106.48 |           5,245,830.83
80       |         196,360,761.80 |              65,307.78 |           5,560,245.09 |                   0.00 |             249,106.48 |           5,311,138.61
81       |         196,360,761.80 |              65,227.88 |           5,625,472.97 |                   0.00 |             249,106.48 |           5,376,366.49
82       |         196,360,761.80 |              65,355.74 |           5,690,828.71 |                   0.00 |             249,106.48 |           5,441,722.23
83       |         196,360,761.80 |              66,290.72 |           5,757,119.43 |                   0.00 |             249,106.48 |           5,508,012.95
84       |         196,360,761.80 |              65,221.91 |           5,822,341.34 |                   0.00 |             249,106.48 |           5,573,234.86
85       |         196,360,761.80 |              65,694.12 |           5,888,035.46 |                   0.00 |             249,106.48 |           5,638,928.98
86       |         196,360,761.80 |              65,823.61 |           5,953,859.07 |                   0.00 |             249,106.48 |           5,704,752.59
87       |         196,360,761.80 |              65,809.64 |           6,019,668.72 |                   0.00 |             249,106.48 |           5,770,562.24
  ▶ [Partial Unstake] ObjId: 0xcba34e618be3cda338d89b1917217282e9724e3aaa3bab5a4be9a1162ba8198f | TX: CKyye6PcRU68XGJJUBQuATLatb66vyE4M3HdZH6PjdS9 | Validator: IOTA 3 | Amount: 5,000,000.00 | Rewards: 147,493.20
88       |         191,360,761.80 |              64,737.44 |           6,084,406.16 |             147,493.20 |             396,599.68 |           5,687,806.48
89       |         196,360,761.80 |              65,632.20 |           6,150,038.36 |                   0.00 |             396,599.68 |           5,753,438.69
90       |         196,360,761.80 |              65,611.98 |           6,215,650.34 |                   0.00 |             396,599.68 |           5,819,050.66
91       |         196,360,761.80 |              65,735.65 |           6,281,385.99 |                   0.00 |             396,599.68 |           5,884,786.31
92       |         196,360,761.80 |              66,197.47 |           6,347,583.46 |                   0.00 |             396,599.68 |           5,950,983.78
93       |         196,360,761.80 |              66,076.19 |           6,413,659.65 |                   0.00 |             396,599.68 |           6,017,059.97
94       |         196,360,761.80 |              65,525.83 |           6,479,185.48 |                   0.00 |             396,599.68 |           6,082,585.80
95       |         196,360,761.80 |              65,400.41 |           6,544,585.89 |                   0.00 |             396,599.68 |           6,147,986.21
96       |         196,360,761.80 |              65,451.26 |           6,610,037.16 |                   0.00 |             396,599.68 |           6,213,437.48
97       |         196,360,761.80 |              65,441.63 |           6,675,478.79 |                   0.00 |             396,599.68 |           6,278,879.11
98       |         196,360,761.80 |              65,383.00 |           6,740,861.79 |                   0.00 |             396,599.68 |           6,344,262.11
99       |         196,360,761.80 |              65,292.28 |           6,806,154.07 |                   0.00 |             396,599.68 |           6,409,554.39
  ▶ [Unstaked] ObjId: 0x857a806a7665e8f475810ae1d24a878ec38c4409bc2d0ee6b6de6fbf23feceb8 | TX: FD55aSAED28U4vZTErT5ixdyUKhqkRaTidivszSfhsPq | Validator: Alchemy | Amount: 2,816,564.86 | Rewards: 90,336.41
100      |         196,360,761.80 |              63,624.45 |           6,869,778.52 |              90,336.41 |             486,936.09 |           6,382,842.43
101      |         196,360,761.80 |              61,525.81 |           6,931,304.33 |                   0.00 |             486,936.09 |           6,444,368.24
102      |         196,360,761.80 |              65,082.48 |           6,996,386.82 |                   0.00 |             486,936.09 |           6,509,450.73
103      |         196,360,761.80 |              65,273.18 |           7,061,660.00 |                   0.00 |             486,936.09 |           6,574,723.91
104      |         196,360,761.80 |              65,232.09 |           7,126,892.08 |                   0.00 |             486,936.09 |           6,639,955.99
105      |         196,360,761.80 |              65,447.93 |           7,192,340.01 |                   0.00 |             486,936.09 |           6,705,403.92
106      |         196,360,761.80 |              65,191.02 |           7,257,531.03 |                   0.00 |             486,936.09 |           6,770,594.94
107      |         196,360,761.80 |              65,137.67 |           7,322,668.69 |                   0.00 |             486,936.09 |           6,835,732.60
108      |         196,360,761.80 |              64,990.94 |           7,387,659.63 |                   0.00 |             486,936.09 |           6,900,723.54
109      |         196,360,761.80 |              65,018.85 |           7,452,678.48 |                   0.00 |             486,936.09 |           6,965,742.39
110      |         196,360,761.80 |              64,961.09 |           7,517,639.57 |                   0.00 |             486,936.09 |           7,030,703.48
111      |         196,360,761.80 |              65,009.90 |           7,582,649.48 |                   0.00 |             486,936.09 |           7,095,713.39
112      |         196,360,761.80 |              65,046.99 |           7,647,696.47 |                   0.00 |             486,936.09 |           7,160,760.38
113      |         196,360,761.80 |              64,924.70 |           7,712,621.17 |                   0.00 |             486,936.09 |           7,225,685.08
114      |         196,360,761.80 |              64,914.16 |           7,777,535.33 |                   0.00 |             486,936.09 |           7,290,599.24
  ▶ [Unstaked] ObjId: 0x20d60510f0fb655735c27815271611d54b9d3c589e6ff9b15efa6c91f4c50305 | TX: 9gu8n4BWisoWVjiygFddgj722XK95Ky3iiCRYCLg7UVo | Validator: Meria | Amount: 2,816,564.86 | Rewards: 110,136.60
  ▶ [Unstaked] ObjId: 0x5f25c7aed026327721b5172738144d843a122cf889bda31540be6e5cf50c78eb | TX: 9gu8n4BWisoWVjiygFddgj722XK95Ky3iiCRYCLg7UVo | Validator: Meria | Amount: 2,816,564.86 | Rewards: 107,153.57
115      |         196,360,761.80 |              63,241.28 |           7,840,776.61 |             217,290.18 |             704,226.27 |           7,136,550.34
116      |         196,360,761.80 |              64,858.76 |           7,905,635.36 |                   0.00 |             704,226.27 |           7,201,409.10
117      |         196,360,761.80 |              64,983.08 |           7,970,618.44 |                   0.00 |             704,226.27 |           7,266,392.17
118      |         196,360,761.80 |              64,981.60 |           8,035,600.04 |                   0.00 |             704,226.27 |           7,331,373.77
119      |         196,360,761.80 |              68,609.44 |           8,104,209.48 |                   0.00 |             704,226.27 |           7,399,983.21
120      |         196,360,761.80 |              65,002.63 |           8,169,212.11 |                   0.00 |             704,226.27 |           7,464,985.84
121      |         196,360,761.80 |              64,951.39 |           8,234,163.50 |                   0.00 |             704,226.27 |           7,529,937.24
122      |         196,360,761.80 |              64,979.62 |           8,299,143.12 |                   0.00 |             704,226.27 |           7,594,916.86
123      |         196,360,761.80 |              64,921.19 |           8,364,064.32 |                   0.00 |             704,226.27 |           7,659,838.05
124      |         196,360,761.80 |              65,574.09 |           8,429,638.41 |                   0.00 |             704,226.27 |           7,725,412.14
125      |         196,360,761.80 |              64,893.70 |           8,494,532.10 |                   0.00 |             704,226.27 |           7,790,305.84
126      |         196,360,761.80 |              64,972.83 |           8,559,504.93 |                   0.00 |             704,226.27 |           7,855,278.66
127      |         196,360,761.80 |              64,835.69 |           8,624,340.62 |                   0.00 |             704,226.27 |           7,920,114.35
  ▶ [Partial Unstake] ObjId: 0xcba34e618be3cda338d89b1917217282e9724e3aaa3bab5a4be9a1162ba8198f | TX: 62PPPSAk5KGsgv5ckSbSH84TELT1CGTJqc5LC72APSD | Validator: IOTA 3 | Amount: 3,000,000.00 | Rewards: 127,061.43
  ▶ [Partial Unstake] ObjId: 0xcba34e618be3cda338d89b1917217282e9724e3aaa3bab5a4be9a1162ba8198f | TX: 3cXBycfT1cZJbQX6MuQAifeLL6WELfm4mLdtTm9QLHB9 | Validator: IOTA 3 | Amount: 3,000,000.00 | Rewards: 127,061.43
  ▶ [Partial Unstake] ObjId: 0xcba34e618be3cda338d89b1917217282e9724e3aaa3bab5a4be9a1162ba8198f | TX: HADo423M8gZnYLZdD4Pjbye5DVrHDBjHJDohSqBJ6jbR | Validator: IOTA 3 | Amount: 3,000,000.00 | Rewards: 127,061.43
  ▶ [Partial Unstake] ObjId: 0xcba34e618be3cda338d89b1917217282e9724e3aaa3bab5a4be9a1162ba8198f | TX: GoFG7PCqcS1wTXoqLhQ1UsUxf7go5JmrEVhb6VqknNQd | Validator: IOTA 3 | Amount: 3,000,000.00 | Rewards: 127,061.43
  ▶ [Partial Unstake] ObjId: 0xcba34e618be3cda338d89b1917217282e9724e3aaa3bab5a4be9a1162ba8198f | TX: 6RgMoTR2ug3ibfCbAJ1pSpkkqnWaiyGMJyvoXZcJ3JpA | Validator: IOTA 3 | Amount: 3,000,000.00 | Rewards: 127,061.43
  ▶ [Partial Unstake] ObjId: 0xcba34e618be3cda338d89b1917217282e9724e3aaa3bab5a4be9a1162ba8198f | TX: GVVPSfV1Nx1DxUZdk1oaQhbNF6gY88H9wofRVKdSkovH | Validator: IOTA 3 | Amount: 3,000,000.00 | Rewards: 127,061.43
  ▶ [Partial Unstake] ObjId: 0xcba34e618be3cda338d89b1917217282e9724e3aaa3bab5a4be9a1162ba8198f | TX: 7GJy7h4FuxCtQMwat6CMTEpYenb9yLH9UqmPiqGwzwYK | Validator: IOTA 3 | Amount: 3,000,000.00 | Rewards: 127,061.43
  ▶ [Unstaked] ObjId: 0xcba34e618be3cda338d89b1917217282e9724e3aaa3bab5a4be9a1162ba8198f | TX: 9djKeN8C8hEFzKo47nsW7paayGy1hiEU5rzrVu9oemNM | Validator: IOTA 3 | Amount: 3,000,000.00 | Rewards: 127,061.43
128      |         172,360,761.80 |              58,491.06 |           8,682,831.68 |           1,016,491.42 |           1,720,717.68 |           6,962,114.00
129      |         172,360,761.80 |              57,951.76 |           8,740,783.45 |                   0.00 |           1,720,717.68 |           7,020,065.76
130      |         172,360,761.80 |              58,054.03 |           8,798,837.47 |                   0.00 |           1,720,717.68 |           7,078,119.79
131      |         172,360,761.80 |              58,721.39 |           8,857,558.86 |                   0.00 |           1,720,717.68 |           7,136,841.18
132      |         172,360,761.80 |              58,126.25 |           8,915,685.11 |                   0.00 |           1,720,717.68 |           7,194,967.43
133      |         172,360,761.80 |              58,033.59 |           8,973,718.70 |                   0.00 |           1,720,717.68 |           7,253,001.02
134      |         172,360,761.80 |              57,684.00 |           9,031,402.70 |                   0.00 |           1,720,717.68 |           7,310,685.02
135      |         172,361,761.80 |              57,974.45 |           9,089,377.16 |                   0.00 |           1,720,717.68 |           7,368,659.47
136      |         193,361,761.80 |              57,488.48 |           9,146,865.64 |                   0.00 |           1,720,717.68 |           7,426,147.95
137      |         193,361,761.80 |              63,131.72 |           9,209,997.36 |                   0.00 |           1,720,717.68 |           7,489,279.67
138      |         193,361,761.80 |              63,141.85 |           9,273,139.21 |                   0.00 |           1,720,717.68 |           7,552,421.53
139      |         193,361,761.80 |              63,092.01 |           9,336,231.22 |                   0.00 |           1,720,717.68 |           7,615,513.53
140      |         193,361,761.80 |              63,128.86 |           9,399,360.08 |                   0.00 |           1,720,717.68 |           7,678,642.39
141      |         193,361,761.80 |              63,203.42 |           9,462,563.50 |                   0.00 |           1,720,717.68 |           7,741,845.81
142      |         193,361,761.80 |              63,223.02 |           9,525,786.52 |                   0.00 |           1,720,717.68 |           7,805,068.83
143      |         193,361,761.80 |              63,104.08 |           9,588,890.60 |                   0.00 |           1,720,717.68 |           7,868,172.92
144      |         193,361,761.80 |              63,106.31 |           9,651,996.91 |                   0.00 |           1,720,717.68 |           7,931,279.23
145      |         193,361,761.80 |              63,107.09 |           9,715,104.01 |                   0.00 |           1,720,717.68 |           7,994,386.32
  ▶ [Unstaked] ObjId: 0x6fa71d53a0c155086062efdf197408e0f8d9c9f932b414b4738faaad790b94be | TX: HmqWCDdjquqWJ6t5nArVRkKtKZLjhhP5DF6wDPYsrnzr | Validator: IOTA 3 | Amount: 1,000.00 | Rewards: 3.03
  ▶ [Partial Unstake] ObjId: 0x2b51887b8cc8abf61dc58b171ecedf705aa8033d743ab16ac0bb4ac9b8347243 | TX: HmqWCDdjquqWJ6t5nArVRkKtKZLjhhP5DF6wDPYsrnzr | Validator: IOTA 3 | Amount: 2,999,000.00 | Rewards: 8,171.92 | Merged: 0x6fa71d53a0c155086062efdf197408e0f8d9c9f932b414b4738faaad790b94be
146      |         187,362,761.80 |              62,424.45 |           9,777,528.45 |               8,174.95 |           1,728,892.64 |           8,048,635.81
147      |         190,361,761.80 |              62,423.97 |           9,839,952.42 |                   0.00 |           1,728,892.64 |           8,111,059.78
148      |         190,361,761.80 |              62,449.54 |           9,902,401.96 |                   0.00 |           1,728,892.64 |           8,173,509.33
149      |         190,361,761.80 |              63,106.59 |           9,965,508.55 |                   0.00 |           1,728,892.64 |           8,236,615.92
150      |         190,361,761.80 |              62,910.28 |          10,028,418.84 |                   0.00 |           1,728,892.64 |           8,299,526.20
151      |         190,361,761.80 |              63,810.61 |          10,092,229.45 |                   0.00 |           1,728,892.64 |           8,363,336.81
152      |         190,361,761.80 |              62,928.30 |          10,155,157.74 |                   0.00 |           1,728,892.64 |           8,426,265.10
153      |         190,361,761.80 |              65,669.89 |          10,220,827.63 |                   0.00 |           1,728,892.64 |           8,491,934.99
154      |         190,361,761.80 |              64,927.92 |          10,285,755.56 |                   0.00 |           1,728,892.64 |           8,556,862.92
155      |         190,361,761.80 |              63,597.17 |          10,349,352.73 |                   0.00 |           1,728,892.64 |           8,620,460.09
156      |         190,361,761.80 |              62,927.81 |          10,412,280.54 |                   0.00 |           1,728,892.64 |           8,683,387.91
157      |         190,361,761.80 |              62,969.54 |          10,475,250.08 |                   0.00 |           1,728,892.64 |           8,746,357.44
158      |         190,361,761.80 |              61,610.76 |          10,536,860.84 |                   0.00 |           1,728,892.64 |           8,807,968.20
159      |         190,361,761.80 |              61,290.20 |          10,598,151.04 |                   0.00 |           1,728,892.64 |           8,869,258.40
160      |         190,361,761.80 |              61,378.15 |          10,659,529.19 |                   0.00 |           1,728,892.64 |           8,930,636.55
161      |         190,361,761.80 |              62,101.82 |          10,721,631.00 |                   0.00 |           1,728,892.64 |           8,992,738.37
162      |         190,361,761.80 |              61,213.02 |          10,782,844.02 |                   0.00 |           1,728,892.64 |           9,053,951.38
163      |         190,361,761.80 |              61,084.61 |          10,843,928.63 |                   0.00 |           1,728,892.64 |           9,115,035.99
164      |         190,361,761.80 |              62,075.37 |          10,906,004.01 |                   0.00 |           1,728,892.64 |           9,177,111.37
165      |         190,361,761.80 |              60,085.67 |          10,966,089.67 |                   0.00 |           1,728,892.64 |           9,237,197.03
166      |         190,361,761.80 |              59,854.54 |          11,025,944.21 |                   0.00 |           1,728,892.64 |           9,297,051.57
167      |         190,361,761.80 |              59,924.43 |          11,085,868.64 |                   0.00 |           1,728,892.64 |           9,356,976.00
168      |         190,361,761.80 |              59,820.23 |          11,145,688.86 |                   0.00 |           1,728,892.64 |           9,416,796.22
169      |         190,361,761.80 |              59,854.18 |          11,205,543.04 |                   0.00 |           1,728,892.64 |           9,476,650.40
170      |         190,361,761.80 |              59,953.13 |          11,265,496.18 |                   0.00 |           1,728,892.64 |           9,536,603.54
171      |         190,361,761.80 |              59,936.75 |          11,325,432.93 |                   0.00 |           1,728,892.64 |           9,596,540.29
172      |         190,361,761.80 |              59,883.66 |          11,385,316.59 |                   0.00 |           1,728,892.64 |           9,656,423.95
173      |         190,361,761.80 |              59,961.02 |          11,445,277.61 |                   0.00 |           1,728,892.64 |           9,716,384.97
174      |         190,361,761.80 |              59,958.46 |          11,505,236.07 |                   0.00 |           1,728,892.64 |           9,776,343.43
175      |         190,361,761.80 |              59,898.59 |          11,565,134.66 |                   0.00 |           1,728,892.64 |           9,836,242.02
176      |         190,361,761.80 |              59,857.59 |          11,624,992.25 |                   0.00 |           1,728,892.64 |           9,896,099.61
177      |         190,361,763.30 |              64,743.18 |          11,689,735.42 |                   0.00 |           1,728,892.64 |           9,960,842.79
  ▶ [Unstaked] ObjId: 0x07fe5a18ffca8eeb414924ffb7799b282952b492bc3fc8ac4216572e4e3e352d | TX: DFpzV7weA44sRgix8TZcqiTgvK1pvmRJy7eZzX1g195J | Validator: IOTA 1 | Amount: 2,816,564.86 | Rewards: 176,531.73
  ▶ [Unstaked] ObjId: 0x0f460a66b8bd80af77582fdc04d06b88995b504ac6994b5b07ed8590d9d91a17 | TX: DFpzV7weA44sRgix8TZcqiTgvK1pvmRJy7eZzX1g195J | Validator: IOTA 1 | Amount: 2,816,564.86 | Rewards: 176,531.73
  ▶ [Unstaked] ObjId: 0x1975fa34fa3d01292952feab03fc1ec9ff4e07dd76ec3d8eb40e468764861dc0 | TX: DFpzV7weA44sRgix8TZcqiTgvK1pvmRJy7eZzX1g195J | Validator: IOTA 1 | Amount: 2,816,564.86 | Rewards: 176,531.73
  ▶ [Unstaked] ObjId: 0x2e21c694962a61068cb224764965a9620534c0bc07b1efc192f10cc1eae5e875 | TX: DFpzV7weA44sRgix8TZcqiTgvK1pvmRJy7eZzX1g195J | Validator: IOTA 1 | Amount: 2,816,564.86 | Rewards: 176,531.73
  ▶ [Unstaked] ObjId: 0x3ff9b899ae3f4b43bce477f2f270d90bc409e11ad2925304abccddea7e04b508 | TX: DFpzV7weA44sRgix8TZcqiTgvK1pvmRJy7eZzX1g195J | Validator: IOTA 1 | Amount: 2,816,564.86 | Rewards: 176,531.73
  ▶ [Unstaked] ObjId: 0x409478bf0c5051254439ede6d3e1e0abe92acd64fb70f151abce052b2b67531d | TX: DFpzV7weA44sRgix8TZcqiTgvK1pvmRJy7eZzX1g195J | Validator: IOTA 1 | Amount: 2,816,564.86 | Rewards: 176,531.73
  ▶ [Partial Unstake] ObjId: 0x42f0044d1fd7cc8000032a85f7dc27f64e7de8c6f8fea51784109f257e77099e | TX: DFpzV7weA44sRgix8TZcqiTgvK1pvmRJy7eZzX1g195J | Validator: IOTA 1 | Amount: 2,816,563.36 | Rewards: 176,531.64 | Merged: 0x07fe5a18ffca8eeb414924ffb7799b282952b492bc3fc8ac4216572e4e3e352d, 0x0f460a66b8bd80af77582fdc04d06b88995b504ac6994b5b07ed8590d9d91a17, 0x1975fa34fa3d01292952feab03fc1ec9ff4e07dd76ec3d8eb40e468764861dc0, 0x2e21c694962a61068cb224764965a9620534c0bc07b1efc192f10cc1eae5e875, 0x3ff9b899ae3f4b43bce477f2f270d90bc409e11ad2925304abccddea7e04b508, 0x409478bf0c5051254439ede6d3e1e0abe92acd64fb70f151abce052b2b67531d, 0x53ded4903f1eefdc7a69e117183beda10cf2511339b6857684904f29af00831a, 0x586f671227d958dfa2340afced3e961b6801450632469c66f92751684a62b150, 0x75a30d810d73bce6612d872a74a65c0d2830182833a7e4c9e66f921ce4ae61c0, 0x77782cd5718831c11d961e2c0fa1babb963ee8d2a19011c71a7ebf24e5609f4f, 0x7ba4c91191f7c0db25dc51971a436fbe49e4e81db1ea51cddae572dbe2f6f60d, 0xae0b0dabdad5e19bd58ef89a10f3728972c7d6ffebe72aa19cca3d3bb532bc1a, 0xaeaa540084d59bb9ce444ebbc345a61c44e4a4f7b0f79995ced9d0a0b52a9cd6, 0xb218bc8b012ca8d226fb79d6d36b480077c8bf3debbf88687210074ba2564d00, 0xb29ca2f3598d3c366c90499c14d66be0816ff9695f213e95dd222f9f8951dc55, 0xb4c74dccaae70ec0df83510b07492e9d7f39f8e1b81c347bf4a1c4fca840797c, 0xb793756ed35396d4cd4e973f680e6f109573030a2d3dff97c2e0591aaf03a6b0, 0xc825e2bde7b470ddfa600f07611aab2226a1bc43ae4c33229a4f714d87d0a352
  ▶ [Unstaked] ObjId: 0x53ded4903f1eefdc7a69e117183beda10cf2511339b6857684904f29af00831a | TX: DFpzV7weA44sRgix8TZcqiTgvK1pvmRJy7eZzX1g195J | Validator: IOTA 1 | Amount: 2,816,564.86 | Rewards: 176,531.73
  ▶ [Unstaked] ObjId: 0x75a30d810d73bce6612d872a74a65c0d2830182833a7e4c9e66f921ce4ae61c0 | TX: DFpzV7weA44sRgix8TZcqiTgvK1pvmRJy7eZzX1g195J | Validator: IOTA 1 | Amount: 2,816,564.86 | Rewards: 176,531.73
  ▶ [Unstaked] ObjId: 0x77782cd5718831c11d961e2c0fa1babb963ee8d2a19011c71a7ebf24e5609f4f | TX: DFpzV7weA44sRgix8TZcqiTgvK1pvmRJy7eZzX1g195J | Validator: IOTA 1 | Amount: 2,816,564.86 | Rewards: 176,531.73
  ▶ [Unstaked] ObjId: 0x7ba4c91191f7c0db25dc51971a436fbe49e4e81db1ea51cddae572dbe2f6f60d | TX: DFpzV7weA44sRgix8TZcqiTgvK1pvmRJy7eZzX1g195J | Validator: IOTA 1 | Amount: 2,816,564.86 | Rewards: 176,531.73
  ▶ [Unstaked] ObjId: 0xae0b0dabdad5e19bd58ef89a10f3728972c7d6ffebe72aa19cca3d3bb532bc1a | TX: DFpzV7weA44sRgix8TZcqiTgvK1pvmRJy7eZzX1g195J | Validator: IOTA 1 | Amount: 2,816,564.86 | Rewards: 176,531.73
  ▶ [Unstaked] ObjId: 0xaeaa540084d59bb9ce444ebbc345a61c44e4a4f7b0f79995ced9d0a0b52a9cd6 | TX: DFpzV7weA44sRgix8TZcqiTgvK1pvmRJy7eZzX1g195J | Validator: IOTA 1 | Amount: 2,118,397.40 | Rewards: 132,773.21
  ▶ [Unstaked] ObjId: 0xb218bc8b012ca8d226fb79d6d36b480077c8bf3debbf88687210074ba2564d00 | TX: DFpzV7weA44sRgix8TZcqiTgvK1pvmRJy7eZzX1g195J | Validator: IOTA 1 | Amount: 2,816,564.86 | Rewards: 176,531.73
  ▶ [Unstaked] ObjId: 0xb29ca2f3598d3c366c90499c14d66be0816ff9695f213e95dd222f9f8951dc55 | TX: DFpzV7weA44sRgix8TZcqiTgvK1pvmRJy7eZzX1g195J | Validator: IOTA 1 | Amount: 2,816,564.86 | Rewards: 176,531.73
  ▶ [Unstaked] ObjId: 0xb4c74dccaae70ec0df83510b07492e9d7f39f8e1b81c347bf4a1c4fca840797c | TX: DFpzV7weA44sRgix8TZcqiTgvK1pvmRJy7eZzX1g195J | Validator: IOTA 1 | Amount: 2,816,564.86 | Rewards: 176,531.73
  ▶ [Unstaked] ObjId: 0xb793756ed35396d4cd4e973f680e6f109573030a2d3dff97c2e0591aaf03a6b0 | TX: DFpzV7weA44sRgix8TZcqiTgvK1pvmRJy7eZzX1g195J | Validator: IOTA 1 | Amount: 2,816,564.86 | Rewards: 176,531.73
  ▶ [Unstaked] ObjId: 0xc825e2bde7b470ddfa600f07611aab2226a1bc43ae4c33229a4f714d87d0a352 | TX: DFpzV7weA44sRgix8TZcqiTgvK1pvmRJy7eZzX1g195J | Validator: IOTA 1 | Amount: 2,816,564.86 | Rewards: 176,531.73
  ▶ [Unstaked] ObjId: 0x586f671227d958dfa2340afced3e961b6801450632469c66f92751684a62b150 | TX: DFpzV7weA44sRgix8TZcqiTgvK1pvmRJy7eZzX1g195J | Validator: IOTA 1 | Amount: 1.50
178      |         140,361,763.30 |              49,194.32 |          11,738,929.75 |           3,133,812.61 |           4,862,705.24 |           6,876,224.50
179      |         190,361,763.30 |              45,764.91 |          11,784,694.65 |                   0.00 |           4,862,705.24 |           6,921,989.41
180      |         190,361,763.30 |              65,905.15 |          11,850,599.80 |                   0.00 |           4,862,705.24 |           6,987,894.56
181      |         190,361,763.30 |              59,256.41 |          11,909,856.21 |                   0.00 |           4,862,705.24 |           7,047,150.96
182      |         190,361,763.30 |              59,154.87 |          11,969,011.08 |                   0.00 |           4,862,705.24 |           7,106,305.83
183      |         190,361,763.30 |              60,440.61 |          12,029,451.69 |                   0.00 |           4,862,705.24 |           7,166,746.44
184      |         190,361,763.30 |              60,438.68 |          12,089,890.36 |                   0.00 |           4,862,705.24 |           7,227,185.12
185      |         190,361,763.30 |              60,978.31 |          12,150,868.68 |                   0.00 |           4,862,705.24 |           7,288,163.43
186      |         190,361,763.30 |              60,620.08 |          12,211,488.76 |                   0.00 |           4,862,705.24 |           7,348,783.51
187      |         190,361,763.30 |              60,078.52 |          12,271,567.28 |                   0.00 |           4,862,705.24 |           7,408,862.04
188      |         190,361,763.30 |              59,385.27 |          12,330,952.55 |                   0.00 |           4,862,705.24 |           7,468,247.31
189      |         190,361,763.30 |              60,065.03 |          12,391,017.58 |                   0.00 |           4,862,705.24 |           7,528,312.34
190      |         190,361,763.30 |              60,640.38 |          12,451,657.96 |                   0.00 |           4,862,705.24 |           7,588,952.71
191      |         190,361,763.30 |              60,328.19 |          12,511,986.15 |                   0.00 |           4,862,705.24 |           7,649,280.90
192      |         190,361,763.30 |              59,780.87 |          12,571,767.02 |                   0.00 |           4,862,705.24 |           7,709,061.77
193      |         190,361,763.30 |              59,435.02 |          12,631,202.04 |                   0.00 |           4,862,705.24 |           7,768,496.79
194      |         190,361,763.30 |              59,372.31 |          12,690,574.35 |                   0.00 |           4,862,705.24 |           7,827,869.10
195      |         190,361,763.30 |              59,339.66 |          12,749,914.01 |                   0.00 |           4,862,705.24 |           7,887,208.76
196      |         190,361,763.30 |              59,281.13 |          12,809,195.14 |                   0.00 |           4,862,705.24 |           7,946,489.90
197      |         190,361,763.30 |              59,258.75 |          12,868,453.89 |                   0.00 |           4,862,705.24 |           8,005,748.65
198      |         190,361,763.30 |              59,685.43 |          12,928,139.33 |                   0.00 |           4,862,705.24 |           8,065,434.08
199      |         190,361,763.30 |              64,175.34 |          12,992,314.66 |                   0.00 |           4,862,705.24 |           8,129,609.42
  ▶ [Partial Unstake] ObjId: 0x2b51887b8cc8abf61dc58b171ecedf705aa8033d743ab16ac0bb4ac9b8347243 | TX: CB2JjDneqfXTKGtWue2a1Rmh92VtvVqadh7zmvJEk2Tr | Validator: IOTA 3 | Amount: 3,000,000.00 | Rewards: 57,594.23
200      |         184,361,763.30 |              59,838.01 |          13,052,152.67 |              57,594.23 |           4,920,299.48 |           8,131,853.19
201      |         187,361,763.30 |              59,237.99 |          13,111,390.66 |                   0.00 |           4,920,299.48 |           8,191,091.18
202      |         187,361,763.30 |              59,213.34 |          13,170,604.00 |                   0.00 |           4,920,299.48 |           8,250,304.52
203      |         187,361,763.30 |              59,195.71 |          13,229,799.71 |                   0.00 |           4,920,299.48 |           8,309,500.23
204      |         187,361,763.30 |              59,652.22 |          13,289,451.92 |                   0.00 |           4,920,299.48 |           8,369,152.45
205      |         187,361,763.30 |              59,329.66 |          13,348,781.58 |                   0.00 |           4,920,299.48 |           8,428,482.10
206      |         187,361,763.30 |              57,867.68 |          13,406,649.26 |                   0.00 |           4,920,299.48 |           8,486,349.78
  ▶ [Partial Unstake] ObjId: 0x2b51887b8cc8abf61dc58b171ecedf705aa8033d743ab16ac0bb4ac9b8347243 | TX: 6NaA3jvV3z9yENywkFP5jKQybD3FJesNZXYNyrr7bERg | Validator: IOTA 3 | Amount: 3,000,000.00 | Rewards: 63,977.22
207      |         181,361,763.30 |              57,960.56 |          13,464,609.82 |              63,977.22 |           4,984,276.69 |           8,480,333.13
208      |         184,361,763.30 |              57,280.03 |          13,521,889.85 |                   0.00 |           4,984,276.69 |           8,537,613.15
209      |         184,361,763.30 |              57,092.30 |          13,578,982.14 |                   0.00 |           4,984,276.69 |           8,594,705.45
210      |         184,361,763.30 |              57,495.81 |          13,636,477.95 |                   0.00 |           4,984,276.69 |           8,652,201.26
  ▶ [Unstaked] ObjId: 0x6a4df47701711f479c2f9bd7113de7589dac9c55b2cb51a748d83316fb71e552 | TX: ADtoFhTzDZgjdXm45M9VxEmzapB1P4goYSM1QTcLCR88 | Validator: Realize | Amount: 2,816,564.86 | Rewards: 204,766.44
  ▶ [Unstaked] ObjId: 0x605b3b0829d7ac49d5181ba444a8e53aeb2af2dc623e3209a28fad0b750f799c | TX: ADtoFhTzDZgjdXm45M9VxEmzapB1P4goYSM1QTcLCR88 | Validator: Realize | Amount: 2,816,564.86 | Rewards: 200,565.18
  ▶ [Unstaked] ObjId: 0x29f60c0255f30af4a85fe5eba01eba766a957cfe986a748ac101c1f6753ca5f6 | TX: ADtoFhTzDZgjdXm45M9VxEmzapB1P4goYSM1QTcLCR88 | Validator: Realize | Amount: 2,816,564.86 | Rewards: 200,565.18
211      |         175,912,068.73 |              54,600.30 |          13,691,078.25 |             605,896.79 |           5,590,173.49 |           8,100,904.76
212      |         175,912,068.73 |              54,413.41 |          13,745,491.66 |                   0.00 |           5,590,173.49 |           8,155,318.17
213      |         182,811,457.88 |              54,356.12 |          13,799,847.78 |                   0.00 |           5,590,173.49 |           8,209,674.29
214      |         182,811,457.88 |              56,348.06 |          13,856,195.84 |                   0.00 |           5,590,173.49 |           8,266,022.35
215      |         182,811,457.88 |              56,344.23 |          13,912,540.07 |                   0.00 |           5,590,173.49 |           8,322,366.59
216      |         182,811,457.88 |              56,279.78 |          13,968,819.85 |                   0.00 |           5,590,173.49 |           8,378,646.37
217      |         182,811,457.88 |              56,192.45 |          14,025,012.30 |                   0.00 |           5,590,173.49 |           8,434,838.82
218      |         182,811,457.88 |              56,341.45 |          14,081,353.76 |                   0.00 |           5,590,173.49 |           8,491,180.27
  ▶ [Partial Unstake] ObjId: 0x2b51887b8cc8abf61dc58b171ecedf705aa8033d743ab16ac0bb4ac9b8347243 | TX: 3RNUp1pPzmXts6oyR3bqCpyeYVpdtE4A7puarQRnVJSx | Validator: IOTA 3 | Amount: 3,000,000.00 | Rewards: 74,715.39
219      |         176,811,457.88 |              56,055.30 |          14,137,409.06 |              74,715.39 |           5,664,888.88 |           8,472,520.18
220      |         179,811,457.88 |              53,613.18 |          14,191,022.24 |                   0.00 |           5,664,888.88 |           8,526,133.36
221      |         179,811,457.88 |              55,268.64 |          14,246,290.88 |                   0.00 |           5,664,888.88 |           8,581,402.00
222      |         179,811,457.88 |              55,345.67 |          14,301,636.55 |                   0.00 |           5,664,888.88 |           8,636,747.67
223      |         179,811,457.88 |              55,268.20 |          14,356,904.75 |                   0.00 |           5,664,888.88 |           8,692,015.87
  ▶ [Unstaked] ObjId: 0xda01f468dacb139e26128cfa092abed2e6ac2f9a812ec61b9483826df78c38f5 | TX: 6pdeSKJbhRLY8DhWjLuCPcVxpCi7yQdj2KjvEbfJnJCa | Validator: IOTA 3 | Amount: 2,816,564.86 | Rewards: 160,667.87
  ▶ [Unstaked] ObjId: 0xe7a5fa488a1b6a6b023fd26e14d4532895d02426af949b5fdb0bb684469a77a5 | TX: 6pdeSKJbhRLY8DhWjLuCPcVxpCi7yQdj2KjvEbfJnJCa | Validator: IOTA 3 | Amount: 2,816,564.86 | Rewards: 160,667.87
  ▶ [Unstaked] ObjId: 0x185f0ba9870483fbe9ab2635b327cf1efe3a63e5fa7d198ce32a063a67b695ee | TX: 6pdeSKJbhRLY8DhWjLuCPcVxpCi7yQdj2KjvEbfJnJCa | Validator: IOTA 3 | Amount: 2,816,564.86 | Rewards: 117,859.87
  ▶ [Unstaked] ObjId: 0xb18f2d0549d7e767b8344bea0437baa4f5b32db54a91a6464432103313e35c4e | TX: 6pdeSKJbhRLY8DhWjLuCPcVxpCi7yQdj2KjvEbfJnJCa | Validator: IOTA 3 | Amount: 1,550,305.42 | Rewards: 64,872.92
224      |         169,811,457.88 |              56,639.57 |          14,413,544.32 |             504,068.54 |           6,168,957.42 |           8,244,586.90
225      |         175,444,587.60 |              53,040.11 |          14,466,584.43 |                   0.00 |           6,168,957.42 |           8,297,627.01
226      |         175,444,587.60 |              54,417.85 |          14,521,002.27 |                   0.00 |           6,168,957.42 |           8,352,044.85
227      |         175,444,587.60 |              54,431.34 |          14,575,433.61 |                   0.00 |           6,168,957.42 |           8,406,476.19
228      |         175,444,587.60 |              53,935.11 |          14,629,368.72 |                   0.00 |           6,168,957.42 |           8,460,411.30
229      |         175,444,587.60 |              53,902.46 |          14,683,271.19 |                   0.00 |           6,168,957.42 |           8,514,313.77
230      |         175,444,587.60 |              53,861.89 |          14,737,133.07 |                   0.00 |           6,168,957.42 |           8,568,175.65
231      |         175,444,587.60 |              53,916.35 |          14,791,049.42 |                   0.00 |           6,168,957.42 |           8,622,092.00
232      |         175,444,587.60 |              53,919.41 |          14,844,968.83 |                   0.00 |           6,168,957.42 |           8,676,011.41
233      |         175,444,587.60 |              53,820.14 |          14,898,788.97 |                   0.00 |           6,168,957.42 |           8,729,831.55
234      |         175,444,587.60 |              53,873.33 |          14,952,662.30 |                   0.00 |           6,168,957.42 |           8,783,704.88
235      |         175,444,587.60 |              53,842.08 |          15,006,504.39 |                   0.00 |           6,168,957.42 |           8,837,546.97
236      |         175,444,587.60 |              53,864.78 |          15,060,369.17 |                   0.00 |           6,168,957.42 |           8,891,411.75
237      |         175,444,587.60 |              55,281.06 |          15,115,650.23 |                   0.00 |           6,168,957.42 |           8,946,692.81
  ▶ [Partial Unstake] ObjId: 0x2b51887b8cc8abf61dc58b171ecedf705aa8033d743ab16ac0bb4ac9b8347243 | TX: szXgGqUBmkBG8TUJMPX4cQLCyandyMYk8NdiUaoHqVF | Validator: IOTA 3 | Amount: 3,000,000.00 | Rewards: 91,973.87
238      |         169,444,587.60 |              54,607.11 |          15,170,257.34 |              91,973.87 |           6,260,931.29 |           8,909,326.05
239      |         172,444,587.60 |              54,780.96 |          15,225,038.30 |                   0.00 |           6,260,931.29 |           8,964,107.01
240      |         172,444,587.60 |              54,764.93 |          15,279,803.23 |                   0.00 |           6,260,931.29 |           9,018,871.94
241      |         172,444,587.60 |              54,820.24 |          15,334,623.47 |                   0.00 |           6,260,931.29 |           9,073,692.18
242      |         172,444,587.60 |              54,188.38 |          15,388,811.86 |                   0.00 |           6,260,931.29 |           9,127,880.57
243      |         172,444,587.60 |              54,367.09 |          15,443,178.94 |                   0.00 |           6,260,931.29 |           9,182,247.65
244      |         172,444,587.60 |              54,240.03 |          15,497,418.97 |                   0.00 |           6,260,931.29 |           9,236,487.69
245      |         172,444,587.60 |              54,180.17 |          15,551,599.15 |                   0.00 |           6,260,931.29 |           9,290,667.86
246      |         172,444,587.60 |              54,201.70 |          15,605,800.85 |                   0.00 |           6,260,931.29 |           9,344,869.56
247      |         172,444,587.60 |              54,212.48 |          15,660,013.33 |                   0.00 |           6,260,931.29 |           9,399,082.04
248      |         172,444,587.60 |              54,060.63 |          15,714,073.96 |                   0.00 |           6,260,931.29 |           9,453,142.67
  ▶ [Partial Unstake] ObjId: 0x2b51887b8cc8abf61dc58b171ecedf705aa8033d743ab16ac0bb4ac9b8347243 | TX: 3qFz6tWVY6ZQyKJBifkjGJ3bQUoW1txAsGtyGs2XoNwQ | Validator: IOTA 3 | Amount: 3,000,000.00 | Rewards: 102,081.05
249      |         166,444,587.60 |              53,525.23 |          15,767,599.19 |             102,081.05 |           6,363,012.34 |           9,404,586.85
250      |         169,444,587.60 |              53,232.99 |          15,820,832.18 |                   0.00 |           6,363,012.34 |           9,457,819.84
251      |         169,444,587.60 |              53,290.90 |          15,874,123.08 |                   0.00 |           6,363,012.34 |           9,511,110.74
252      |         169,444,587.60 |              53,177.61 |          15,927,300.69 |                   0.00 |           6,363,012.34 |           9,564,288.35
253      |         169,444,587.60 |              51,892.39 |          15,979,193.08 |                   0.00 |           6,363,012.34 |           9,616,180.74
254      |         169,444,587.60 |              51,861.79 |          16,031,054.87 |                   0.00 |           6,363,012.34 |           9,668,042.53
255      |         169,444,587.60 |              51,916.22 |          16,082,971.09 |                   0.00 |           6,363,012.34 |           9,719,958.75
256      |         169,444,587.60 |              52,619.41 |          16,135,590.50 |                   0.00 |           6,363,012.34 |           9,772,578.16
257      |         169,444,587.60 |              51,940.09 |          16,187,530.59 |                   0.00 |           6,363,012.34 |           9,824,518.25
258      |         169,444,587.60 |              51,997.17 |          16,239,527.76 |                   0.00 |           6,363,012.34 |           9,876,515.42
259      |         169,444,587.60 |              51,991.85 |          16,291,519.61 |                   0.00 |           6,363,012.34 |           9,928,507.28
260      |         169,444,587.60 |              51,914.54 |          16,343,434.15 |                   0.00 |           6,363,012.34 |           9,980,421.82
261      |         169,444,587.60 |              51,850.26 |          16,395,284.42 |                   0.00 |           6,363,012.34 |          10,032,272.08
262      |         169,444,587.60 |              51,773.45 |          16,447,057.87 |                   0.00 |           6,363,012.34 |          10,084,045.53
263      |         169,444,587.60 |              51,651.45 |          16,498,709.32 |                   0.00 |           6,363,012.34 |          10,135,696.98
264      |         169,444,587.60 |              51,963.34 |          16,550,672.66 |                   0.00 |           6,363,012.34 |          10,187,660.32
265      |         169,444,587.60 |              52,300.00 |          16,602,972.66 |                   0.00 |           6,363,012.34 |          10,239,960.32
266      |         169,444,587.60 |              51,830.39 |          16,654,803.04 |                   0.00 |           6,363,012.34 |          10,291,790.71
267      |         169,444,587.60 |              51,915.09 |          16,706,718.13 |                   0.00 |           6,363,012.34 |          10,343,705.79
268      |         169,444,587.60 |              51,665.49 |          16,758,383.62 |                   0.00 |           6,363,012.34 |          10,395,371.28
269      |         169,444,587.60 |              52,332.17 |          16,810,715.79 |                   0.00 |           6,363,012.34 |          10,447,703.45
270      |         169,444,587.60 |              52,359.98 |          16,863,075.76 |                   0.00 |           6,363,012.34 |          10,500,063.42
271      |         169,444,587.60 |              52,219.71 |          16,915,295.47 |                   0.00 |           6,363,012.34 |          10,552,283.13
272      |         169,444,587.60 |              52,005.95 |          16,967,301.41 |                   0.00 |           6,363,012.34 |          10,604,289.08
273      |         169,444,587.60 |              52,447.23 |          17,019,748.65 |                   0.00 |           6,363,012.34 |          10,656,736.31
274      |         169,444,587.60 |              52,101.19 |          17,071,849.84 |                   0.00 |           6,363,012.34 |          10,708,837.50
275      |         169,444,587.60 |              52,070.78 |          17,123,920.62 |                   0.00 |           6,363,012.34 |          10,760,908.28
276      |         169,444,587.60 |              52,205.57 |          17,176,126.19 |                   0.00 |           6,363,012.34 |          10,813,113.85
277      |         169,444,587.60 |              51,789.89 |          17,227,916.07 |                   0.00 |           6,363,012.34 |          10,864,903.74
278      |         169,444,587.60 |              51,750.23 |          17,279,666.30 |                   0.00 |           6,363,012.34 |          10,916,653.96
279      |         169,444,587.60 |              51,734.23 |          17,331,400.53 |                   0.00 |           6,363,012.34 |          10,968,388.19
  ▶ [Unstaked] ObjId: 0x2b51887b8cc8abf61dc58b171ecedf705aa8033d743ab16ac0bb4ac9b8347243 | TX: BBKMMC9VEsQgqQZuiKY2rcroX3t7KLhqk1oDBsycXGNb | Validator: IOTA 3 | Amount: 3,001,000.00 | Rewards: 129,879.96
280      |         166,443,587.60 |              49,555.17 |          17,380,955.70 |             129,879.96 |           6,492,892.30 |          10,888,063.40
281      |         166,443,587.60 |              50,746.29 |          17,431,701.98 |                   0.00 |           6,492,892.30 |          10,938,809.69
282      |         166,443,587.60 |              50,704.97 |          17,482,406.95 |                   0.00 |           6,492,892.30 |          10,989,514.66
283      |         166,443,587.60 |              51,283.22 |          17,533,690.18 |                   0.00 |           6,492,892.30 |          11,040,797.88
284      |         166,443,587.60 |              50,685.26 |          17,584,375.43 |                   0.00 |           6,492,892.30 |          11,091,483.14
285      |         166,443,587.60 |              50,652.83 |          17,635,028.27 |                   0.00 |           6,492,892.30 |          11,142,135.97
286      |         166,443,587.60 |              50,638.38 |          17,685,666.65 |                   0.00 |           6,492,892.30 |          11,192,774.35
287      |         166,443,587.60 |              50,593.79 |          17,736,260.44 |                   0.00 |           6,492,892.30 |          11,243,368.14
288      |         166,443,587.60 |              50,678.51 |          17,786,938.95 |                   0.00 |           6,492,892.30 |          11,294,046.65
289      |         166,443,587.60 |              50,823.17 |          17,837,762.12 |                   0.00 |           6,492,892.30 |          11,344,869.83
290      |         166,443,587.60 |              50,706.76 |          17,888,468.88 |                   0.00 |           6,492,892.30 |          11,395,576.59
291      |         166,443,587.60 |              50,554.73 |          17,939,023.61 |                   0.00 |           6,492,892.30 |          11,446,131.32
292      |         166,443,587.60 |              50,517.39 |          17,989,541.00 |                   0.00 |           6,492,892.30 |          11,496,648.71
293      |         166,443,587.60 |              50,476.54 |          18,040,017.54 |                   0.00 |           6,492,892.30 |          11,547,125.25
294      |         166,443,587.60 |              50,428.18 |          18,090,445.72 |                   0.00 |           6,492,892.30 |          11,597,553.43
295      |         166,443,587.60 |              51,469.56 |          18,141,915.28 |                   0.00 |           6,492,892.30 |          11,649,022.98
296      |         166,443,587.60 |              50,900.70 |          18,192,815.97 |                   0.00 |           6,492,892.30 |          11,699,923.68
297      |         166,443,587.60 |              50,719.06 |          18,243,535.04 |                   0.00 |           6,492,892.30 |          11,750,642.74
298      |         166,443,587.60 |              50,855.82 |          18,294,390.86 |                   0.00 |           6,492,892.30 |          11,801,498.57
299      |         166,443,587.60 |              50,709.58 |          18,345,100.44 |                   0.00 |           6,492,892.30 |          11,852,208.15
300      |         166,443,587.60 |              50,690.91 |          18,395,791.35 |                   0.00 |           6,492,892.30 |          11,902,899.06
301      |         166,443,587.60 |              50,810.18 |          18,446,601.53 |                   0.00 |           6,492,892.30 |          11,953,709.23
302      |         166,443,587.60 |              52,168.02 |          18,498,769.55 |                   0.00 |           6,492,892.30 |          12,005,877.25
303      |         166,443,587.60 |              50,981.72 |          18,549,751.27 |                   0.00 |           6,492,892.30 |          12,056,858.97
304      |         166,443,587.60 |              50,885.07 |          18,600,636.34 |                   0.00 |           6,492,892.30 |          12,107,744.05
305      |         166,443,587.60 |              51,734.67 |          18,652,371.01 |                   0.00 |           6,492,892.30 |          12,159,478.71
306      |         166,443,587.60 |              51,175.48 |          18,703,546.49 |                   0.00 |           6,492,892.30 |          12,210,654.20
307      |         166,443,587.60 |              51,084.53 |          18,754,631.02 |                   0.00 |           6,492,892.30 |          12,261,738.73
  ▶ [Unstaked] ObjId: 0x4eb5b25d55e207fe37c2a77d5e98d3a427ffd581d26af3d31c1dc9595b5605fc | TX: EpoHAwUHPWzWFNscrRJkp1ydyh692Za4gBAvTAMvw9ED | Validator: IOTA 2 | Amount: 2,816,564.86 | Rewards: 107,304.20
  ▶ [Unstaked] ObjId: 0xdfaa2839914cad8d68873ee5331ccec102352cba94f8eedfd9a1e0412446817e | TX: EpoHAwUHPWzWFNscrRJkp1ydyh692Za4gBAvTAMvw9ED | Validator: IOTA 2 | Amount: 2,816,564.86 | Rewards: 107,304.20
308      |         163,627,022.74 |              50,564.61 |          18,805,195.63 |             214,608.39 |           6,707,500.69 |          12,097,694.94
309      |         163,627,022.74 |              50,408.09 |          18,855,603.71 |                   0.00 |           6,707,500.69 |          12,148,103.03
310      |         163,627,022.74 |              50,343.49 |          18,905,947.20 |                   0.00 |           6,707,500.69 |          12,198,446.52
311      |         163,627,022.74 |              49,832.06 |          18,955,779.27 |                   0.00 |           6,707,500.69 |          12,248,278.58
312      |         163,627,022.74 |              50,557.33 |          19,006,336.60 |                   0.00 |           6,707,500.69 |          12,298,835.91
313      |         163,627,022.74 |              50,570.83 |          19,056,907.43 |                   0.00 |           6,707,500.69 |          12,349,406.74
314      |         163,627,022.74 |              50,610.29 |          19,107,517.72 |                   0.00 |           6,707,500.69 |          12,400,017.03
315      |         163,627,022.74 |              50,660.72 |          19,158,178.43 |                   0.00 |           6,707,500.69 |          12,450,677.75
316      |         163,627,022.74 |              51,021.70 |          19,209,200.13 |                   0.00 |           6,707,500.69 |          12,501,699.44
317      |         163,627,022.74 |              50,743.68 |          19,259,943.81 |                   0.00 |           6,707,500.69 |          12,552,443.12
318      |         163,627,022.74 |              50,719.25 |          19,310,663.06 |                   0.00 |           6,707,500.69 |          12,603,162.37
319      |         163,627,022.74 |              50,653.53 |          19,361,316.59 |                   0.00 |           6,707,500.69 |          12,653,815.90
320      |         163,627,022.74 |              50,662.89 |          19,411,979.47 |                   0.00 |           6,707,500.69 |          12,704,478.79
321      |         163,627,022.74 |              50,624.97 |          19,462,604.45 |                   0.00 |           6,707,500.69 |          12,755,103.76
322      |         163,627,022.74 |              50,807.22 |          19,513,411.67 |                   0.00 |           6,707,500.69 |          12,805,910.98
323      |         163,627,022.74 |              50,666.57 |          19,564,078.23 |                   0.00 |           6,707,500.69 |          12,856,577.55
324      |         163,627,022.74 |              50,714.51 |          19,614,792.74 |                   0.00 |           6,707,500.69 |          12,907,292.05
325      |         163,627,022.74 |              47,638.59 |          19,662,431.33 |                   0.00 |           6,707,500.69 |          12,954,930.65
326      |         163,627,022.74 |              47,691.00 |          19,710,122.33 |                   0.00 |           6,707,500.69 |          13,002,621.65
327      |         163,627,022.74 |              50,770.20 |          19,760,892.53 |                   0.00 |           6,707,500.69 |          13,053,391.85
328      |         163,627,022.74 |              50,804.97 |          19,811,697.50 |                   0.00 |           6,707,500.69 |          13,104,196.81
329      |         163,627,022.74 |              50,784.86 |          19,862,482.36 |                   0.00 |           6,707,500.69 |          13,154,981.68
330      |         163,627,022.74 |              50,719.53 |          19,913,201.90 |                   0.00 |           6,707,500.69 |          13,205,701.21
  ▶ [Unlocked] ObjId: 0x0c5ebce73faf1d6e482012b48c94de8e4af2884cb3d35bdcff2a6f7f15e217ad | TX: Hd9GNwSJz8VR1zRjNaaSMuTtighJeT3npVKaiQNPMftW | Validator: Pier Two | Amount: 2,816,564.86
  ▶ [Unlocked] ObjId: 0xe7c82927cd65f505b9e1c04cc5ac6baecff8047c1b5b122e980b346a1496246c | TX: DQBELz9dA8TzPYw3mwLvwYgNrWfP3NGXnEX7WoUSAaX1 | Validator: Lavender.Five Nodes | Amount: 2,816,564.86
  ▶ [Unlocked] ObjId: 0x1beab684091285a95e327229acf603870d3896eebb342e41ac824a479374aa4d | TX: 97GdqckSCJ2NgxuJrWTGdiqEFyF4bmrqtrTVfSVKNvck | Validator: Allnodes | Amount: 2,816,564.86
  ▶ [Unlocked] ObjId: 0xbe2dc7bcd2e2538f45a0717e4f6eccb590f68a16626780722eebd9591776da67 | TX: FWVBQK2tUgfjtMY5oAN6e6YeVKRMyBd6PVLGzMfidyMo | Validator: Encapsulate | Amount: 2,816,564.86
  ▶ [Unlocked] ObjId: 0xf1baddc5f3aae0dce4b884818ffe851856e0ebb9ec87fc47db46e56547b0edf3 | TX: DMujepKb3FC6GiTdWdcdD1Kzf9Eb2N8bWTjx1hPSh7Sg | Validator: CroutonDigital | Amount: 2,816,564.86
  ▶ [Unlocked] ObjId: 0x1a545b9ddf57df370ebcf6dd1fa571b32b1332604c0276d1ab4b890ead5224d7 | TX: 2ce1kafAV9TrcZDzcnG5hnNjD9KAK5fqFb4NPyAh34Nq | Validator: CroutonDigital | Amount: 2,816,564.86
  ▶ [Unlocked] ObjId: 0xaa073de6563f92a902d645f6ad552e471490b2bebb6d2b27b363efca3502daaf | TX: ARmhULdHRbDCjgffeuws2urpSf3HopWf2FYCBDeQzr2M | Validator: Lavender.Five Nodes | Amount: 2,816,564.86
  ▶ [Unlocked] ObjId: 0x634cfee88b3098758a1a136cbce4bd2347d88440580ec8e380266d2bcef893e7 | TX: EvtoH8HWhCnFNUqtXingAvxEAzyvU27LLpjB561Wbn7u | Validator: Lavender.Five Nodes | Amount: 2,816,564.86
  ▶ [Unlocked] ObjId: 0x8ed47cc2ab71d433908e0bbf6d85558f19a483cfbeec03703571524ed50d5fd8 | TX: 77bvC3FrMZ1FJo77rrXADwsEiWsFrCr2FLYj4Ubk6usg | Validator: Encapsulate | Amount: 2,816,564.86
  ▶ [Unlocked] ObjId: 0xaa8ea407fc9703220f7e7089ca88b284bee9bd4baa59debc26ec30629627fc3b | TX: 6Qm9MTnE9t3BxukJp38dBR461KjRFCKrZq1GJ2yYXozx | Validator: HashKeyCloud | Amount: 2,816,564.86
  ▶ [Unlocked] ObjId: 0xbfa62e08a8f526b1222881c34b8671aa83adf3305923f342ebc6fe1980a4acb4 | TX: BPLDZEoowxiT6Lc6oaQezup4j4oXnFA8rxCYktMnQmvj | Validator: Allnodes | Amount: 2,816,564.86
  ▶ [Unlocked] ObjId: 0xa6d42dcb4e3ba4f17054e287172c9828ec6f85ce88a8d7b8e2d72230b7fb53db | TX: J6UnBJ1y1GsxADmvmNc49cBWFcUUrQULwhe4ow6FYpNL | Validator: TokenLabs.Network | Amount: 2,816,564.86
  ▶ [Unlocked] ObjId: 0xe964a08c10218e4518b82116fc4391ba5f083a5371c4912f01eb30743389ba2f | TX: Efx76edcbAr2WV8YU7boKdFjWSmDg42KWPyufxV1z3eY | Validator: BlockHunters | Amount: 2,816,564.86
  ▶ [Unlocked] ObjId: 0x6da68dc755dd4cc165ed965ed33d9e63d1dea391ebc4fd74d516a3bc2ec31104 | TX: C2xqoXKpCrS9WF5i6XPcsBCjqQUEwYBtw4octANqUYZK | Validator: LinkPool | Amount: 1,816,564.86
  ▶ [Unlocked] ObjId: 0x9d714c98ea7035cb28aa1c091eba4e667477212ad1c197d4f613e98f7421757b | TX: 3S6DrowEU7YViXKtrs4S2rQnUb8ENk4sdD4UjmVrm9iw | Validator: Lavender.Five Nodes | Amount: 2,816,564.86
  ▶ [Unlocked] ObjId: 0x5550812a50894c46b0335c652d387f30b9b1184cb10973af03867dc8a362c23f | TX: HXC2dBJ313xWvjfdMWM1tqB6xz7G6KV7Xg3J5xwaPaSz | Validator: Spectrum Staking | Amount: 2,816,564.86
  ▶ [Unlocked] ObjId: 0x76d4aaf52732d34e9625d1106ae6a0186bb8996be5be27e2ab2e1fc065a2ae03 | TX: 2Gika65U5MCDUz22rtwg2cpiA3Wit7XHiEP6TYLeTjS3 | Validator: Stardust Staking | Amount: 2,816,564.86
  ▶ [Unlocked] ObjId: 0xd67616dd1fe08be8b2438d0980e2cb20501f66e3e5436bc332c6124c90247c9f | TX: CGxuA4UCsRwzRCLA7J47a7bPE62LtWy3jJPL1Bgqk5gf | Validator: SDVC | Amount: 2,816,564.86
  ▶ [Unlocked] ObjId: 0xae25363cd877e5972d4a7e8f303b6cc61afa003ca5ba5a81c8daa28ab145ad8f | TX: HqWZU6rc7H7ofV4HBLgxKVFZMXM1rMzBeshYzWgiXkWM | Validator: InfraSingularity | Amount: 2,816,564.86
  ▶ [Unlocked] ObjId: 0x04755dd24c94427ab742d634a739e629529cc0c774605fc750a00186c9770e6d | TX: 2SWoWGe6uGDHBpKz572nq97Ps87wmjKB3grCsp3PQPbh | Validator: IOTA 1 | Amount: 1.50
  ▶ [Unlocked] ObjId: 0x89f2c00db48d4765f12c8d67483e394ed1ddd06a9f2b3a12e2498e6b31f7bb1f | TX: 4tyqCHP2DcF4pEvhaB4orEmf3HDyWmKsyTKyyS9HC2oi | Validator: Sensei_Node | Amount: 2,816,564.86
  ▶ [Unlocked] ObjId: 0xe19c5b121e7dfae143405fe98fee898e3a914f8fc22aff9c37f00004a164e695 | TX: HXC2dBJ313xWvjfdMWM1tqB6xz7G6KV7Xg3J5xwaPaSz | Validator: Spectrum Staking | Amount: 2,816,564.86
  ▶ [Unlocked] ObjId: 0xd41d645be7bf0ca33d13749b5647cbbcd3744cfbe706921f4927e07008a0734f | TX: C2xqoXKpCrS9WF5i6XPcsBCjqQUEwYBtw4octANqUYZK | Validator: LinkPool | Amount: 1,816,564.86
  ▶ [Unlocked] ObjId: 0x201fd7652740d99603bbcbd0aa0360b7b3f16f57f1030050a40ecd808d8fde6d | TX: EvtoH8HWhCnFNUqtXingAvxEAzyvU27LLpjB561Wbn7u | Validator: Lavender.Five Nodes | Amount: 2,816,564.86
  ▶ [Unlocked] ObjId: 0x41dae3e01a683d905471351cc02a544ae80491243f7daef18f3a9e19c93d7efe | TX: DMujepKb3FC6GiTdWdcdD1Kzf9Eb2N8bWTjx1hPSh7Sg | Validator: CroutonDigital | Amount: 2,816,564.86
  ▶ [Unlocked] ObjId: 0x0e86a1d0333bd79699d5cc429e796ca9a402879a789af7b6b45bd0a3c37e691c | TX: 2Gika65U5MCDUz22rtwg2cpiA3Wit7XHiEP6TYLeTjS3 | Validator: Stardust Staking | Amount: 2,816,564.86
  ▶ [Unlocked] ObjId: 0x818209f38d6c01b4d649b09b91cb60e6fcc96d93742496d3eabfdbade8433c8f | TX: CGxuA4UCsRwzRCLA7J47a7bPE62LtWy3jJPL1Bgqk5gf | Validator: SDVC | Amount: 2,816,564.86
  ▶ [Unlocked] ObjId: 0x82ad27531e6b417703e9ea29a18aa680e7fa042dae2c0680bbbd9fb29f0cdca9 | TX: 77bvC3FrMZ1FJo77rrXADwsEiWsFrCr2FLYj4Ubk6usg | Validator: Encapsulate | Amount: 2,816,564.86
  ▶ [Unlocked] ObjId: 0xaa5ba2ab7a7cf4c3483ac541a0724b816d646681900fef9fe1e020db1f48e51e | TX: J6UnBJ1y1GsxADmvmNc49cBWFcUUrQULwhe4ow6FYpNL | Validator: TokenLabs.Network | Amount: 2,816,564.86
  ▶ [Unlocked] ObjId: 0x4a1dc146b97a6a5316704a36cca853ccd40e0ebce55f89741b2f8aef28ff3aff | TX: 97GdqckSCJ2NgxuJrWTGdiqEFyF4bmrqtrTVfSVKNvck | Validator: Allnodes | Amount: 2,816,564.86
  ▶ [Unlocked] ObjId: 0x66bc0b5b626aa44a3faed314a13bd7210e8ea7080e169afa1482f5edccb39588 | TX: BPLDZEoowxiT6Lc6oaQezup4j4oXnFA8rxCYktMnQmvj | Validator: Allnodes | Amount: 2,816,564.86
  ▶ [Unlocked] ObjId: 0x036458d858fc14bcdbe758c11c52a72317d3b56b6bbd576756a7fc4634f9049e | TX: Efx76edcbAr2WV8YU7boKdFjWSmDg42KWPyufxV1z3eY | Validator: BlockHunters | Amount: 2,816,564.86
  ▶ [Unlocked] ObjId: 0x9c175283e06b25067b7efe6e8eff6c9f7e41151deae0dcfb87e6e1f16766c56d | TX: ARmhULdHRbDCjgffeuws2urpSf3HopWf2FYCBDeQzr2M | Validator: Lavender.Five Nodes | Amount: 2,816,564.86
  ▶ [Unlocked] ObjId: 0x6adda88470a9908e65c223e77659b4eb40c1bb323d871e070ddca9a37e5a2fa6 | TX: 4tyqCHP2DcF4pEvhaB4orEmf3HDyWmKsyTKyyS9HC2oi | Validator: Sensei_Node | Amount: 2,816,564.86
  ▶ [Unlocked] ObjId: 0x1c6ee87829640c878a4fd03cd7f4ce76971741d9abce43f538cea81cbbcf3040 | TX: 3S6DrowEU7YViXKtrs4S2rQnUb8ENk4sdD4UjmVrm9iw | Validator: Lavender.Five Nodes | Amount: 2,816,564.86
  ▶ [Unlocked] ObjId: 0xd3bd6a6994a452564aa9530b006fb9cdb4f93f7c8112fc7ff72eecc4fcd77bdd | TX: HqWZU6rc7H7ofV4HBLgxKVFZMXM1rMzBeshYzWgiXkWM | Validator: InfraSingularity | Amount: 2,816,564.86
  ▶ [Unlocked] ObjId: 0xa68e7634824e46af4f0049a7137329173db3a2365b3162db3a4ef66bdeb132d7 | TX: 2ce1kafAV9TrcZDzcnG5hnNjD9KAK5fqFb4NPyAh34Nq | Validator: CroutonDigital | Amount: 2,816,564.86
  ▶ [Unlocked] ObjId: 0x0d0bd6e6b512796beb9ea151097c8e9b4cbb17c67d08b2a8e00b8f26e156a140 | TX: 2SWoWGe6uGDHBpKz572nq97Ps87wmjKB3grCsp3PQPbh | Validator: IOTA 1 | Amount: 1.50
  ▶ [Unlocked] ObjId: 0x483a8cb30f3cdf2a50c54e9dbaaa796d502f8a00d99ce0fee2c46d1ba88d8bf5 | TX: Hd9GNwSJz8VR1zRjNaaSMuTtighJeT3npVKaiQNPMftW | Validator: Pier Two | Amount: 2,816,564.86
  ▶ [Unlocked] ObjId: 0x86c3671f080f839bd76d56eeb5a56f463336c94fb66116e332fd9d6081767bb1 | TX: FWVBQK2tUgfjtMY5oAN6e6YeVKRMyBd6PVLGzMfidyMo | Validator: Encapsulate | Amount: 2,816,564.86
  ▶ [Unlocked] ObjId: 0x3bca2d5801c05d4fe576d6289b82e97ebb17e1dfd9316365b664aeb2a384c23f | TX: 6Qm9MTnE9t3BxukJp38dBR461KjRFCKrZq1GJ2yYXozx | Validator: HashKeyCloud | Amount: 2,816,564.86
  ▶ [Unlocked] ObjId: 0xa1cb11e4ef55942a6a27b88be691baed339d652c05b614f997846db4d671b785 | TX: DQBELz9dA8TzPYw3mwLvwYgNrWfP3NGXnEX7WoUSAaX1 | Validator: Lavender.Five Nodes | Amount: 2,816,564.86
331      |         218,958,321.41 |              50,954.73 |          19,964,156.63 |                   0.00 |           6,707,500.69 |          13,256,655.94
332      |         163,627,022.74 |              50,755.56 |          20,014,912.19 |                   0.00 |           6,707,500.69 |          13,307,411.51
333      |         163,627,022.74 |              50,718.48 |          20,065,630.68 |                   0.00 |           6,707,500.69 |          13,358,129.99
334      |         163,627,022.74 |              50,657.78 |          20,116,288.45 |                   0.00 |           6,707,500.69 |          13,408,787.77
335      |         163,627,022.74 |              50,666.61 |          20,166,955.06 |                   0.00 |           6,707,500.69 |          13,459,454.37
336      |         163,627,022.74 |              50,623.43 |          20,217,578.49 |                   0.00 |           6,707,500.69 |          13,510,077.81
337      |         163,627,022.74 |              50,607.52 |          20,268,186.01 |                   0.00 |           6,707,500.69 |          13,560,685.32
338      |         163,627,022.74 |                   0.00 |          20,268,186.01 |                   0.00 |           6,707,500.69 |          13,560,685.32
----------------------------------------------------------------------------------------------------------------------------------------------
